3649.  9.788939E-17
3654.52017432883  5.699798E-17
3660.04034865766  8.114543E-17
3665.56052298649  7.021504E-17
3671.08069731531  1.016774E-16
3676.60087164414  1.131990E-16
3682.12104597297  1.184015E-16
3687.6412203018  6.126522E-17
3693.16139463063  8.098395E-17
3698.68156895945  8.853708E-17
3704.20174328828  7.600517E-17
3709.72191761711  7.155847E-17
3715.24209194594  6.773884E-17
3720.76226627477  7.913499E-17
3726.2824406036  7.069328E-17
3731.80261493242  7.586885E-17
3737.32278926125  1.024503E-16
3742.84296359008  9.017517E-17
3748.36313791891  7.861990E-17
3753.88331224774  9.089760E-17
3759.40348657657  8.860908E-17
3764.92366090539  8.463670E-17
3770.44383523422  6.762359E-17
3775.96400956305  1.098705E-16
3781.48418389188  1.155033E-16
3787.00435822071  8.477206E-17
3792.52453254954  8.507536E-17
3798.04470687836  8.302630E-17
3803.56488120719  9.421596E-17
3809.08505553602  1.033451E-16
3814.60522986485  9.347845E-17
3820.12540419368  1.027868E-16
3825.64557852251  8.651744E-17
3831.16575285133  8.660284E-17
3836.68592718016  1.167348E-16
3842.20610150899  9.337914E-17
3847.72627583782  9.521484E-17
3853.24645016665  1.162061E-16
3858.76662449548  1.159934E-16
3864.2867988243  1.107486E-16
3869.80697315313  1.248991E-16
3875.32714748196  1.065093E-16
3880.84732181079  1.016774E-16
3886.36749613962  1.222570E-16
3891.88767046845  1.174169E-16
3897.40784479727  1.108185E-16
3902.9280191261  1.058391E-16
3908.44819345493  1.011496E-16
3913.96836778376  1.053106E-16
3919.48854211259  8.755662E-17
3925.00871644142  9.369928E-17
3930.52889077024  1.062639E-16
3936.04906509907  1.086926E-16
3941.5692394279  9.340096E-17
3947.08941375673  9.055730E-17
3952.60958808556  8.885309E-17
3958.12976241439  1.056931E-16
3963.64993674321  9.630614E-17
3969.17011107204  8.442346E-17
3974.69028540087  8.241165E-17
3980.2104597297  8.388745E-17
3985.73063405853  7.581777E-17
3991.25080838736  7.658589E-17
3996.77098271618  9.398042E-17
4002.29115704501  8.387284E-17
4007.81133137384  8.341741E-17
4013.33150570267  9.631534E-17
4018.8516800315  9.898419E-17
4024.37185436033  1.065641E-16
4029.89202868915  1.099171E-16
4035.41220301798  1.147499E-16
4040.93237734681  1.116115E-16
4046.45255167564  1.294429E-16
4051.97272600447  1.202553E-16
4057.4929003333  1.341320E-16
4063.01307466212  1.233933E-16
4068.53324899095  1.103752E-16
4074.05342331978  1.134450E-16
4079.57359764861  1.262465E-16
4085.09377197744  1.307375E-16
4090.61394630627  1.137560E-16
4096.13412063509  1.093932E-16
4101.65429496392  1.176472E-16
4107.17446929275  1.189462E-16
4112.69464362158  1.100559E-16
4118.21481795041  9.355783E-17
4123.73499227924  1.085798E-16
4129.25516660806  9.664991E-17
4134.77534093689  1.029283E-16
4140.29551526572  1.098027E-16
4145.81568959455  9.992116E-17
4151.33586392338  1.075730E-16
4156.8560382522  1.190981E-16
4162.37621258103  1.219747E-16
4167.89638690986  1.088371E-16
4173.41656123869  1.223570E-16
4178.93673556752  1.345315E-16
4184.45690989635  1.240119E-16
4189.97708422517  1.258630E-16
4195.497258554  1.374187E-16
4201.01743288283  1.411551E-16
4206.53760721166  1.377933E-16
4212.05778154049  1.175819E-16
4217.57795586932  1.199241E-16
4223.09813019814  1.235494E-16
4228.61830452697  1.205741E-16
4234.1384788558  1.172403E-16
4239.65865318463  1.175271E-16
4245.17882751346  1.209051E-16
4250.69900184229  1.211470E-16
4256.21917617112  1.201126E-16
4261.73935049994  1.205212E-16
4267.25952482877  1.160289E-16
4272.7796991576  1.316795E-16
4278.29987348643  1.312901E-16
4283.82004781526  1.280425E-16
4289.34022214408  1.133428E-16
4294.86039647291  1.152968E-16
4300.38057080174  1.306293E-16
4305.90074513057  1.203766E-16
4311.4209194594  1.260553E-16
4316.94109378823  1.030112E-16
4322.46126811705  1.032732E-16
4327.98144244588  1.058814E-16
4333.50161677471  1.023427E-16
4339.02179110354  8.810384E-17
4344.54196543237  9.510749E-17
4350.0621397612  9.486922E-17
4355.58231409002  9.471665E-17
4361.10248841885  9.196144E-17
4366.62266274768  9.435171E-17
4372.14283707651  8.355848E-17
4377.66301140534  9.145153E-17
4383.18318573417  9.521331E-17
4388.70336006299  9.170179E-17
4394.22353439182  1.164165E-16
4399.74370872065  1.196292E-16
4405.26388304948  1.178366E-16
4410.78405737831  1.054076E-16
4416.30423170714  1.128014E-16
4421.82440603596  1.173534E-16
4427.34458036479  1.261168E-16
4432.86475469362  1.421596E-16
4438.38492902245  1.264180E-16
4443.90510335128  1.162715E-16
4449.4252776801  1.392388E-16
4454.94545200893  1.359375E-16
4460.46562633776  1.218244E-16
4465.98580066659  1.254366E-16
4471.50597499542  1.199741E-16
4477.02614932425  1.203316E-16
4482.54632365308  1.348189E-16
4488.0664979819  1.340343E-16
4493.58667231073  1.320058E-16
4499.10684663956  1.191719E-16
4504.62702096839  1.274402E-16
4510.14719529722  1.376951E-16
4515.66736962605  1.278358E-16
4521.18754395487  1.199435E-16
4526.7077182837  1.238121E-16
4532.22789261253  1.163785E-16
4537.74806694136  1.182595E-16
4543.26824127019  1.224869E-16
4548.78841559902  1.116191E-16
4554.30858992784  1.071549E-16
4559.82876425667  1.065923E-16
4565.3489385855  9.791778E-17
4570.86911291433  9.880068E-17
4576.38928724316  1.055367E-16
4581.90946157199  1.041704E-16
4587.42963590081  1.170847E-16
4592.94981022964  1.102470E-16
4598.46998455847  1.089252E-16
4603.9901588873  1.098333E-16
4609.51033321613  1.105347E-16
4615.03050754496  1.047380E-16
4620.55068187378  9.663932E-17
4626.07085620261  1.040166E-16
4631.59103053144  1.049862E-16
4637.11120486027  1.068374E-16
4642.6313791891  1.119741E-16
4648.15155351793  1.008759E-16
4653.67172784675  1.056990E-16
4659.19190217558  1.162293E-16
4664.71207650441  1.209792E-16
4670.23225083324  1.146282E-16
4675.75242516207  1.043409E-16
4681.27259949089  1.073294E-16
4686.79277381972  1.102227E-16
4692.31294814855  1.026568E-16
4697.83312247738  1.154783E-16
4703.35329680621  1.173568E-16
4708.87347113504  1.118220E-16
4714.39364546386  9.906137E-17
4719.91381979269  9.778229E-17
4725.43399412152  1.159659E-16
4730.95416845035  1.089019E-16
4736.47434277918  1.063120E-16
4741.99451710801  1.179330E-16
4747.51469143684  1.207098E-16
4753.03486576566  1.098758E-16
4758.55504009449  1.123388E-16
4764.07521442332  1.106979E-16
4769.59538875215  1.107886E-16
4775.11556308098  1.138760E-16
4780.6357374098  1.124851E-16
4786.15591173863  9.482749E-17
4791.67608606746  9.592273E-17
4797.19626039629  1.034228E-16
4802.71643472512  1.026207E-16
4808.23660905395  9.087942E-17
4813.75678338278  9.607044E-17
4819.2769577116  1.032465E-16
4824.79713204043  8.400184E-17
4830.31730636926  7.953314E-17
4835.83748069809  8.183225E-17
4841.35765502692  8.791606E-17
4846.87782935574  7.970338E-17
4852.39800368457  7.412273E-17
4857.9181780134  6.930030E-17
4863.43835234223  6.723605E-17
4868.95852667106  7.209755E-17
4874.47870099989  6.207244E-17
4879.99887532871  6.450640E-17
4885.51904965754  7.196185E-17
4891.03922398637  6.961001E-17
4896.5593983152  5.807128E-17
4902.07957264403  7.469253E-17
4907.59974697286  8.624050E-17
4913.11992130168  9.465231E-17
4918.64009563051  9.949124E-17
4924.16026995934  9.823484E-17
4929.68044428817  9.772717E-17
4935.200618617  1.165944E-16
4940.72079294583  1.163442E-16
4946.24096727465  1.228286E-16
4951.76114160348  1.102742E-16
4957.28131593231  1.150279E-16
4962.80149026114  1.233641E-16
4968.32166458997  1.417709E-16
4973.8418389188  1.283852E-16
4979.36201324763  1.230925E-16
4984.88218757645  1.356872E-16
4990.40236190528  1.250567E-16
4995.92253623411  1.255827E-16
5001.44271056294  1.382578E-16
5006.96288489177  1.421256E-16
5012.48305922059  1.361578E-16
5018.00323354942  1.293469E-16
5023.52340787825  1.330217E-16
5029.04358220708  1.352275E-16
5034.56375653591  1.377632E-16
5040.08393086474  1.298785E-16
5045.60410519356  1.317874E-16
5051.12427952239  1.314413E-16
5056.64445385122  1.175032E-16
5062.16462818005  1.099413E-16
5067.68480250888  1.161142E-16
5073.20497683771  1.275257E-16
5078.72515116654  1.165692E-16
5084.24532549536  1.069727E-16
5089.76549982419  1.059142E-16
5095.28567415302  1.068241E-16
5100.80584848185  1.125003E-16
5106.32602281068  1.115379E-16
5111.8461971395  1.135837E-16
5117.36637146833  1.266767E-16
5122.88654579716  1.041420E-16
5128.40672012599  1.196481E-16
5133.92689445482  1.192220E-16
5139.44706878365  9.816987E-17
5144.96724311248  1.085804E-16
5150.4874174413  1.205706E-16
5156.00759177013  1.076598E-16
5161.52776609896  1.013735E-16
5167.04794042779  1.070006E-16
5172.56811475662  1.006364E-16
5178.08828908544  9.572916E-17
5183.60846341427  9.346062E-17
5189.1286377431  1.077082E-16
5194.64881207193  1.176412E-16
5200.16898640076  1.258988E-16
5205.68916072959  1.062341E-16
5211.20933505841  1.002448E-16
5216.72950938724  8.896734E-17
5222.24968371607  9.363468E-17
5227.7698580449  9.593526E-17
5233.29003237373  9.143063E-17
5238.81020670256  9.374473E-17
5244.33038103138  9.442594E-17
5249.85055536021  9.047864E-17
5255.37072968904  9.955312E-17
5260.89090401787  9.198903E-17
5266.4110783467  9.174501E-17
5271.93125267553  9.852698E-17
5277.45142700435  9.686540E-17
5282.97160133318  8.396348E-17
5288.49177566201  9.372527E-17
5294.01194999084  8.679963E-17
5299.53212431967  9.656304E-17
5305.0522986485  9.595572E-17
5310.57247297732  9.682255E-17
5316.09264730615  9.937827E-17
5321.61282163498  9.890321E-17
5327.13299596381  9.893323E-17
5332.65317029264  8.390595E-17
5338.17334462147  9.044745E-17
5343.69351895029  9.027099E-17
5349.21369327912  8.995444E-17
5354.73386760795  8.981055E-17
5360.25404193678  9.033594E-17
5365.77421626561  9.119266E-17
5371.29439059444  9.131071E-17
5376.81456492326  9.158049E-17
5382.33473925209  9.096382E-17
5387.85491358092  9.557823E-17
5393.37508790975  9.361640E-17
5398.89526223858  8.338461E-17
5404.4154365674  8.320339E-17
5409.93561089623  9.319402E-17
5415.45578522506  8.650558E-17
5420.97595955389  8.682338E-17
5426.49613388272  8.253776E-17
5432.01630821155  8.094516E-17
5437.53648254038  8.713738E-17
5443.0566568692  8.655860E-17
5448.57683119803  9.128386E-17
5454.09700552686  9.131636E-17
5459.61717985569  8.603001E-17
5465.13735418452  9.344784E-17
5470.65752851335  8.777140E-17
5476.17770284217  8.869308E-17
5481.697877171  9.435394E-17
5487.21805149983  8.465920E-17
5492.73822582866  8.164723E-17
5498.25840015749  8.538529E-17
5503.77857448632  8.269876E-17
5509.29874881514  8.756810E-17
5514.81892314397  8.896648E-17
5520.3390974728  8.952279E-17
5525.85927180163  7.710142E-17
5531.37944613046  7.520213E-17
5536.89962045929  7.923813E-17
5542.41979478811  7.774404E-17
5547.93996911694  8.379627E-17
5553.46014344577  8.871323E-17
5558.9803177746  8.404919E-17
5564.50049210343  7.873392E-17
5570.02066643225  8.298947E-17
5575.54084076108  7.317960E-17
5581.06101508991  8.544142E-17
5586.58118941874  7.919043E-17
5592.10136374757  7.314708E-17
5597.6215380764  8.372156E-17
5603.14171240522  6.909054E-17
5608.66188673405  7.813916E-17
5614.18206106288  8.088778E-17
5619.70223539171  7.024696E-17
5625.22240972054  8.680323E-17
5630.74258404937  8.483833E-17
5636.26275837819  8.214337E-17
5641.78293270702  7.735085E-17
5647.30310703585  8.157615E-17
5652.82328136468  8.690759E-17
5658.34345569351  8.220772E-17
5663.86363002234  8.179432E-17
5669.38380435117  8.175017E-17
5674.90397867999  8.038320E-17
5680.42415300882  8.264370E-17
5685.94432733765  7.966105E-17
5691.46450166648  8.080651E-17
5696.98467599531  8.108211E-17
5702.50485032413  7.415761E-17
5708.02502465296  8.059630E-17
5713.54519898179  7.999989E-17
5719.06537331062  8.439138E-17
5724.58554763945  8.245538E-17
5730.10572196828  8.413338E-17
5735.62589629711  7.971483E-17
5741.14607062593  7.932610E-17
5746.66624495476  7.373953E-17
5752.18641928359  6.777414E-17
5757.70659361242  6.820047E-17
5763.22676794125  7.232699E-17
5768.74694227007  7.667654E-17
5774.2671165989  7.296612E-17
5779.78729092773  7.543552E-17
5785.30746525656  8.261081E-17
5790.82763958539  7.968599E-17
5796.34781391422  7.670998E-17
5801.86798824304  7.033142E-17
5807.38816257187  7.078171E-17
5812.9083369007  7.750972E-17
5818.42851122953  7.391727E-17
5823.94868555836  7.141612E-17
5829.46885988719  7.390174E-17
5834.98903421601  7.491253E-17
5840.50920854484  7.335560E-17
5846.02938287367  7.848371E-17
5851.5495572025  7.100268E-17
5857.06973153133  6.440052E-17
5862.58990586016  6.815899E-17
5868.11008018898  6.871900E-17
5873.63025451781  6.827168E-17
5879.15042884664  6.801114E-17
5884.67060317547  7.285754E-17
5890.1907775043  7.294983E-17
5895.71095183313  6.871358E-17
5901.23112616196  6.654976E-17
5906.75130049078  6.574686E-17
5912.27147481961  7.063522E-17
5917.79164914844  7.204920E-17
5923.31182347727  7.439969E-17
5928.8319978061  7.154185E-17
5934.35217213492  6.618426E-17
5939.87234646375  6.809715E-17
5945.39252079258  6.883824E-17
5950.91269512141  6.983214E-17
5956.43286945024  6.543609E-17
5961.95304377907  6.827946E-17
5967.47321810789  6.280798E-17
5972.99339243672  6.895315E-17
5978.51356676555  6.844738E-17
5984.03374109438  6.344111E-17
5989.55391542321  6.660084E-17
5995.07408975204  6.706720E-17
6000.59426408086  6.835537E-17
6006.11443840969  7.424846E-17
6011.63461273852  6.261126E-17
6017.15478706735  6.559733E-17
6022.67496139618  7.785725E-17
6028.19513572501  7.296540E-17
6033.71531005383  6.840939E-17
6039.23548438266  7.265260E-17
6044.75565871149  7.239282E-17
6050.27583304032  7.371253E-17
6055.79600736915  7.777753E-17
6061.31618169798  7.424962E-17
6066.8363560268  6.690973E-17
6072.35653035563  6.434134E-17
6077.87670468446  7.368230E-17
6083.39687901329  7.655000E-17
6088.91705334212  8.219675E-17
6094.43722767095  7.599561E-17
6099.95740199977  7.182032E-17
6105.4775763286  7.600353E-17
6110.99775065743  8.122293E-17
6116.51792498626  7.131170E-17
6122.03809931509  7.150514E-17
6127.55827364392  6.937025E-17
6133.07844797274  6.825301E-17
6138.59862230157  6.836305E-17
6144.1187966304  7.476607E-17
6149.63897095923  7.077396E-17
6155.15914528806  7.086265E-17
6160.67931961689  7.550667E-17
6166.19949394571  6.303087E-17
6171.71966827454  6.794813E-17
6177.23984260337  7.092344E-17
6182.7600169322  7.145844E-17
6188.28019126103  7.029065E-17
6193.80036558986  6.876176E-17
6199.32053991868  7.175176E-17
6204.84071424751  7.015675E-17
6210.36088857634  6.797755E-17
6215.88106290517  6.834078E-17
6221.401237234  7.094279E-17
6226.92141156282  6.676061E-17
6232.44158589165  6.822267E-17
6237.96176022048  7.593856E-17
6243.48193454931  6.973694E-17
6249.00210887814  5.906199E-17
6254.52228320697  6.152766E-17
6260.0424575358  6.950338E-17
6265.56263186462  6.916886E-17
6271.08280619345  6.250309E-17
6276.60298052228  6.122122E-17
6282.12315485111  6.164166E-17
6287.64332917994  5.984989E-17
6293.16350350876  7.188620E-17
6298.68367783759  6.898601E-17
6304.20385216642  6.934669E-17
6309.72402649525  6.023071E-17
6315.24420082408  5.794127E-17
6320.76437515291  6.688058E-17
6326.28454948173  6.494564E-17
6331.80472381056  5.718005E-17
6337.32489813939  7.538261E-17
6342.84507246822  6.267246E-17
6348.36524679705  6.196658E-17
6353.88542112588  6.544316E-17
6359.4055954547  6.345905E-17
6364.92576978353  6.328049E-17
6370.44594411236  6.963056E-17
6375.96611844119  5.951140E-17
6381.48629277002  6.386567E-17
6387.00646709885  6.117323E-17
6392.52664142767  6.841764E-17
6398.0468157565  7.271930E-17
6403.56699008533  7.278292E-17
6409.08716441416  6.777563E-17
6414.60733874299  5.716071E-17
6420.12751307181  6.395321E-17
6425.64768740064  6.326914E-17
6431.16786172947  6.468267E-17
6436.6880360583  6.490674E-17
6442.20821038713  6.367248E-17
6447.72838471596  6.357242E-17
6453.24855904479  5.839349E-17
6458.76873337361  5.500955E-17
6464.28890770244  5.730418E-17
6469.80908203127  5.015425E-17
6475.3292563601  5.515984E-17
6480.84943068893  6.340640E-17
6486.36960501776  5.292608E-17
6491.88977934659  4.496529E-17
6497.40995367541  5.192460E-17
6502.93012800424  6.320590E-17
6508.45030233307  6.055298E-17
6513.9704766619  5.562192E-17
6519.49065099073  4.947857E-17
6525.01082531955  5.268013E-17
6530.53099964838  4.749708E-17
6536.05117397721  4.762400E-17
6541.57134830604  5.032388E-17
6547.09152263487  3.926083E-17
6552.6116969637  5.346123E-17
6558.13187129252  5.167750E-17
6563.65204562135  4.407152E-17
6569.17221995018  4.298741E-17
6574.69239427901  3.950820E-17
6580.21256860784  4.848397E-17
6585.73274293667  4.822447E-17
6591.25291726549  5.333101E-17
6596.77309159432  6.090527E-17
6602.29326592315  5.887834E-17
6607.81344025198  5.606182E-17
6613.33361458081  6.170466E-17
6618.85378890964  6.352821E-17
6624.37396323847  6.856558E-17
6629.89413756729  7.605862E-17
6635.41431189612  7.694038E-17
6640.93448622495  7.562354E-17
6646.45466055378  8.685036E-17
6651.97483488261  9.518821E-17
6657.49500921143  9.606183E-17
6663.01518354026  9.446516E-17
6668.53535786909  9.812222E-17
6674.05553219792  9.734653E-17
6679.57570652675  1.081056E-16
6685.09588085558  1.153938E-16
6690.6160551844  1.143623E-16
6696.13622951323  1.115533E-16
6701.65640384206  1.141890E-16
6707.17657817089  1.106450E-16
6712.69675249972  1.129017E-16
6718.21692682854  1.168601E-16
6723.73710115738  1.190699E-16
6729.2572754862  1.167226E-16
6734.77744981503  1.203665E-16
6740.29762414386  1.190168E-16
6745.81779847269  1.142081E-16
6751.33797280152  1.132284E-16
6756.85814713034  1.163206E-16
6762.37832145917  1.153920E-16
6767.898495788  1.126264E-16
6773.41867011683  1.061526E-16
6778.93884444566  1.051345E-16
6784.45901877449  1.057845E-16
6789.97919310331  1.138223E-16
6795.49936743214  1.198179E-16
6801.01954176097  1.163189E-16
6806.5397160898  1.223939E-16
6812.05989041863  1.264403E-16
6817.58006474746  1.024547E-16
6823.10023907628  9.771485E-17
6828.62041340511  9.718519E-17
6834.14058773394  9.442786E-17
6839.66076206277  1.017028E-16
6845.1809363916  9.677918E-17
6850.70111072043  9.096498E-17
6856.22128504925  9.091015E-17
6861.74145937808  9.652564E-17
6867.26163370691  9.543516E-17
6872.78180803574  8.825842E-17
6878.30198236457  8.156743E-17
6883.82215669339  7.702620E-17
6889.34233102222  8.013916E-17
6894.86250535105  8.745742E-17
6900.38267967988  8.804497E-17
6905.90285400871  8.246966E-17
6911.42302833754  7.746651E-17
6916.94320266637  7.017219E-17
6922.46337699519  7.157180E-17
6927.98355132402  7.824462E-17
6933.50372565285  7.639552E-17
6939.02389998168  6.926597E-17
6944.54407431051  7.733404E-17
6950.06424863933  6.786767E-17
6955.58442296816  7.597201E-17
6961.10459729699  7.455099E-17
6966.62477162582  7.764122E-17
6972.14494595465  7.344415E-17
6977.66512028348  6.606825E-17
6983.1852946123  6.224461E-17
6988.70546894113  6.597923E-17
6994.22564326996  6.714138E-17
6999.74581759879  6.962061E-17
7005.26599192762  5.738344E-17
7010.78616625645  6.985816E-17
7016.30634058528  7.100314E-17
7021.8265149141  5.947356E-17
7027.34668924293  5.639739E-17
7032.86686357176  6.345748E-17
7038.38703790059  6.051137E-17
7043.90721222942  5.975853E-17
7049.42738655824  6.435686E-17
7054.94756088707  6.393941E-17
7060.4677352159  6.215922E-17
7065.98790954473  6.197855E-17
7071.50808387356  6.169873E-17
7077.02825820239  6.370909E-17
7082.54843253122  5.874794E-17
7088.06860686004  5.106938E-17
7093.58878118887  5.597395E-17
7099.1089555177  5.740469E-17
7104.62912984653  5.517521E-17
7110.14930417535  5.965865E-17
7115.66947850418  6.706853E-17
7121.18965283301  6.412123E-17
7126.70982716184  5.423595E-17
7132.23000149067  5.249721E-17
7137.7501758195  5.321610E-17
7143.27035014833  5.507759E-17
7148.79052447716  5.011875E-17
7154.31069880598  5.320132E-17
7159.83087313481  5.276595E-17
7165.35104746364  5.419605E-17
7170.87122179247  5.292282E-17
7176.39139612129  5.715641E-17
7181.91157045012  5.381549E-17
7187.43174477895  4.563977E-17
7192.95191910778  5.969395E-17
7198.47209343661  5.879438E-17
7203.99226776544  4.835488E-17
7209.51244209427  4.751262E-17
7215.03261642309  4.865814E-17
7220.55279075192  4.644513E-17
7226.07296508075  5.380462E-17
7231.59313940958  5.652518E-17
7237.11331373841  5.255545E-17
7242.63348806723  5.032957E-17
7248.15366239606  5.219956E-17
7253.67383672489  5.781662E-17
7259.19401105372  5.683260E-17
7264.71418538255  5.208050E-17
7270.23435971138  4.700625E-17
7275.75453404021  4.331400E-17
7281.27470836903  4.867723E-17
7286.79488269786  5.027610E-17
7292.31505702669  5.030777E-17
7297.83523135552  5.341832E-17
7303.35540568435  4.272144E-17
7308.87558001318  5.347542E-17
7314.39575434201  5.792798E-17
7319.91592867083  5.375016E-17
7325.43610299966  5.018101E-17
7330.95627732849  4.427161E-17
7336.47645165732  4.877238E-17
7341.99662598615  5.616133E-17
7347.51680031497  4.632424E-17
7353.0369746438  4.308275E-17
7358.55714897263  4.452821E-17
7364.07732330146  5.844218E-17
7369.59749763029  4.598866E-17
7375.11767195912  3.960377E-17
7380.63784628795  5.668203E-17
7386.15802061677  5.021335E-17
7391.6781949456  4.254317E-17
7397.19836927443  3.978799E-17
7402.71854360326  4.439349E-17
7408.23871793208  5.886301E-17
7413.75889226091  5.891831E-17
7419.27906658974  5.167240E-17
7424.79924091857  4.554058E-17
7430.3194152474  4.262493E-17
7435.83958957623  4.431699E-17
7441.35976390506  4.849854E-17
7446.87993823388  5.505560E-17
7452.40011256271  4.855515E-17
7457.92028689154  4.860777E-17
7463.44046122037  5.099850E-17
7468.9606355492  4.894930E-17
7474.48080987803  4.078729E-17
7480.00098420685  4.558396E-17
7485.52115853568  5.640981E-17
7491.04133286451  4.179046E-17
7496.56150719334  4.233097E-17
7502.08168152217  4.061851E-17
7507.601855851  5.207517E-17
7513.12203017982  6.109678E-17
7518.64220450865  5.505074E-17
7524.16237883748  4.772313E-17
7529.68255316631  4.354233E-17
7535.20272749514  4.891046E-17
7540.72290182396  4.852871E-17
7546.24307615279  5.120006E-17
7551.76325048162  4.926920E-17
7557.28342481045  4.294491E-17
7562.80359913928  4.238569E-17
7568.32377346811  4.132669E-17
7573.84394779693  5.060835E-17
7579.36412212576  5.266363E-17
7584.88429645459  3.908533E-17
7590.40447078342  4.255722E-17
7595.92464511225  4.970580E-17
7601.44481944108  3.357718E-17
7606.96499376991  2.178694E-17
7612.48516809873  3.660060E-17
7618.00534242756  3.727437E-17
7623.52551675639  5.017752E-17
7629.04569108522  4.189288E-17
7634.56586541405  5.563401E-17
7640.08603974287  4.220885E-17
7645.6062140717  4.079254E-17
7651.12638840053  3.977649E-17
7656.64656272936  3.292758E-17
7662.16673705819  3.037715E-17
7667.68691138702  4.509786E-17
7673.20708571584  4.695012E-17
7678.72726004467  4.691596E-17
7684.2474343735  4.438181E-17
7689.76760870233  5.111078E-17
7695.28778303116  3.487150E-17
7700.80795735999  3.970472E-17
7706.32813168881  4.121792E-17
7711.84830601764  3.563564E-17
7717.36848034647  4.504791E-17
7722.8886546753  4.560147E-17
7728.40882900413  4.963986E-17
7733.92900333296  5.231649E-17
7739.44917766178  4.346383E-17
7744.96935199061  4.556784E-17
7750.48952631944  5.259857E-17
7756.00970064827  4.787426E-17
7761.5298749771  4.030695E-17
7767.05004930592  4.252985E-17
7772.57022363475  2.945526E-17
7778.09039796358  2.958967E-17
7783.61057229241  2.945333E-17
7789.13074662124  3.180157E-17
7794.65092095007  4.550470E-17
7800.1710952789  5.500283E-17
7805.69126960772  3.747180E-17
7811.21144393655  4.588179E-17
7816.73161826538  4.632020E-17
7822.25179259421  5.646808E-17
7827.77196692304  3.171518E-17
7833.29214125186  3.990413E-17
7838.8123155807  4.500162E-17
7844.33248990952  4.580598E-17
7849.85266423835  4.513610E-17
7855.37283856718  3.982771E-17
7860.89301289601  3.537330E-17
7866.41318722483  3.841331E-17
7871.93336155366  3.716801E-17
7877.45353588249  4.168165E-17
7882.97371021132  3.896532E-17
7888.49388454015  3.603919E-17
7894.01405886898  4.285361E-17
7899.5342331978  2.674474E-17
7905.05440752664  3.645501E-17
7910.57458185546  3.850802E-17
7916.09475618429  5.652672E-17
7921.61493051312  4.344956E-17
7927.13510484195  3.882389E-17
7932.65527917077  4.020152E-17
7938.1754534996  2.915881E-17
7943.69562782843  2.927211E-17
7949.21580215726  3.728726E-17
7954.73597648609  5.793826E-17
7960.25615081492  5.206425E-17
7965.77632514375  5.135910E-17
7971.29649947257  3.898516E-17
7976.8166738014  3.633317E-17
7982.33684813023  4.742366E-17
7987.85702245906  4.815919E-17
7993.37719678789  4.946515E-17
7998.89737111671  4.793822E-17
8004.41754544554  5.066769E-17
8009.93771977437  4.450645E-17
8015.4578941032  3.285408E-17
8020.97806843203  3.815436E-17
8026.49824276086  4.002843E-17
8032.01841708968  3.773538E-17
8037.53859141851  4.242825E-17
8043.05876574734  4.622422E-17
8048.57894007617  4.771728E-17
8054.099114405  3.908283E-17
8059.61928873383  4.539384E-17
8065.13946306265  4.706111E-17
8070.65963739148  4.278546E-17
8076.17981172031  5.010679E-17
8081.69998604914  5.066559E-17
8087.22016037797  3.037058E-17
8092.7403347068  3.821923E-17
8098.26050903562  4.668090E-17
8103.78068336445  4.757272E-17
8109.30085769328  4.221880E-17
8114.82103202211  4.418264E-17
8120.34120635094  3.344759E-17
8125.86138067977  3.699319E-17
8131.3815550086  4.106013E-17
8136.90172933742  3.903106E-17
8142.42190366625  3.099301E-17
8147.94207799508  3.955023E-17
8153.46225232391  4.717574E-17
8158.98242665274  2.997902E-17
8164.50260098157  3.939139E-17
8170.02277531039  4.528824E-17
8175.54294963922  4.620755E-17
8181.06312396805  3.162485E-17
8186.58329829688  4.274790E-17
8192.10347262571  5.303486E-17
8197.62364695453  4.285591E-17
8203.14382128336  3.208151E-17
8208.66399561219  5.406881E-17
8214.18416994102  5.333107E-17
8219.70434426985  3.164615E-17
8225.22451859868  3.440790E-17
8230.74469292751  3.203558E-17
8236.26486725633  3.869964E-17
8241.78504158516  4.313380E-17
8247.30521591399  3.861269E-17
8252.82539024282  3.452280E-17
8258.34556457165  4.097633E-17
8263.86573890047  5.153494E-17
8269.3859132293  3.875302E-17
8274.90608755813  4.119449E-17
8280.42626188696  4.434547E-17
8285.94643621579  4.357851E-17
8291.46661054462  2.954464E-17
8296.98678487344  2.059276E-17
8302.50695920227  2.566173E-17
8308.0271335311  2.843640E-17
8313.54730785993  3.016681E-17
8319.06748218876  3.770794E-17
8324.58765651758  3.350591E-17
8330.10783084641  3.384670E-17
8335.62800517524  4.705627E-17
8341.14817950407  2.448887E-17
8346.6683538329  2.907687E-17
8352.18852816173  2.605510E-17
8357.70870249056  3.656045E-17
8363.22887681938  3.481392E-17
8368.74905114821  3.474270E-17
8374.26922547704  2.868611E-17
8379.78939980587  2.477824E-17
8385.3095741347  2.777620E-17
8390.82974846353  2.932409E-17
8396.34992279235  4.529189E-17
8401.87009712118  4.575325E-17
8407.39027145001  3.611703E-17
8412.91044577884  3.976974E-17
8418.43062010767  4.416596E-17
8423.9507944365  5.146873E-17
8429.47096876532  3.458221E-17
8434.99114309415  3.311526E-17
8440.51131742298  3.400640E-17
8446.03149175181  3.691351E-17
8451.55166608064  3.710177E-17
8457.07184040947  2.799463E-17
8462.59201473829  3.039249E-17
8468.11218906712  2.821536E-17
8473.63236339595  2.184285E-17
8479.15253772478  2.166842E-17
8484.67271205361  2.868751E-17
8490.19288638243  3.877777E-17
8495.71306071126  3.269985E-17
8501.23323504009  2.445323E-17
8506.75340936892  3.690646E-17
8512.27358369775  3.194616E-17
8517.79375802658  2.757004E-17
8523.3139323554  3.149868E-17
8528.83410668423  3.975930E-17
8534.35428101306  1.771030E-17
8539.87445534189  1.683015E-17
8545.39462967072  3.054768E-17
8550.91480399955  3.760668E-17
8556.43497832837  3.891990E-17
8561.9551526572  2.686783E-17
8567.47532698603  2.125381E-17
8572.99550131486  3.151931E-17
8578.51567564369  3.468953E-17
8584.03584997252  3.664457E-17
8589.55602430134  3.853257E-17
8595.07619863017  3.757585E-17
8600.596372959  3.496042E-17
8606.11654728783  3.310222E-17
8611.63672161666  2.942156E-17
8617.15689594549  1.950231E-17
8622.67707027432  2.504621E-17
8628.19724460314  3.358048E-17
8633.71741893197  2.993832E-17
8639.2375932608  3.811992E-17
8644.75776758963  2.882847E-17
8650.27794191846  2.728521E-17
8655.79811624728  3.823494E-17
8661.31829057611  4.106255E-17
8666.83846490494  3.369362E-17
8672.35863923377  3.279914E-17
8677.8788135626  3.746354E-17
8683.39898789143  3.766969E-17
8688.91916222026  3.417424E-17
8694.43933654908  1.174336E-17
8699.95951087791  3.615557E-17
8705.47968520674  2.932890E-17
8710.99985953557  2.402249E-17
8716.5200338644  4.577189E-17
8722.04020819322  3.678120E-17
8727.56038252205  2.891345E-17
8733.08055685088  1.982910E-17
8738.60073117971  3.339202E-17
8744.12090550854  4.436020E-17
8749.64107983737  4.093006E-17
8755.16125416619  4.710496E-17
8760.68142849502  3.490808E-17
8766.20160282385  2.290506E-17
8771.72177715268  2.497593E-17
8777.24195148151  3.010791E-17
8782.76212581033  2.053523E-17
8788.28230013916  1.907490E-17
8793.80247446799  2.100704E-17
8799.32264879682  2.077142E-17
8804.84282312565  1.555953E-17
8810.36299745448  1.065290E-17
8815.88317178331  1.400260E-17
8821.40334611213  4.315356E-17
8826.92352044096  3.404067E-17
8832.44369476979  3.896822E-17
8837.96386909862  2.700338E-17
8843.48404342745  2.622032E-17
8849.00421775628  5.075583E-17
8854.52439208511  4.653374E-17
8860.04456641393  3.430996E-17
8865.56474074276  2.521470E-17
8871.08491507159  5.330939E-17
8876.60508940042  4.200219E-17
8882.12526372925  3.291628E-17
8887.64543805807  2.549424E-17
8893.1656123869  1.110921E-17
8898.68578671573  2.761854E-17
8904.20596104456  4.860709E-17
8909.72613537339  4.000055E-17
8915.24630970222  5.219116E-17
8920.76648403105  4.016947E-17
8926.28665835987  2.982751E-17
8931.8068326887  2.576618E-17
8937.32700701753  4.053054E-17
8942.84718134636  5.248988E-17
8948.36735567518  2.510346E-17
8953.88753000401  2.403070E-17
8959.40770433284  2.820209E-17
8964.92787866167  3.795254E-17
8970.4480529905  4.638571E-17
8975.96822731933  4.249965E-17
8981.48840164816  2.864938E-17
8987.00857597698  2.051557E-17
8992.52875030581  5.432374E-17
8998.04892463464  5.440309E-17
9003.56909896347  2.156936E-17
9009.0892732923  2.263815E-17
9014.60944762113  4.201259E-17
9020.12962194995  4.162333E-17
9025.64979627878  3.549956E-17
9031.16997060761  3.123448E-17
9036.69014493644  3.316245E-17
9042.21031926527  3.913950E-17
9047.7304935941  1.960890E-17
9053.25066792292  1.503284E-17
9058.77084225175  3.797451E-17
9064.29101658058  4.206824E-17
9069.81119090941  4.877276E-17
9075.33136523824  4.777133E-17
9080.85153956707  4.062117E-17
9086.37171389589  3.920792E-17
9091.89188822472  3.775991E-17
9097.41206255355  5.630585E-17
9102.93223688238  5.817821E-17
9108.45241121121  3.613100E-17
9113.97258554004  2.921833E-17
9119.49275986886  1.221110E-17
9125.01293419769  2.233649E-17
9130.53310852652  4.748426E-17
9136.05328285535  3.487284E-17
9141.57345718418  6.704715E-18
9147.09363151301  2.343586E-17
9152.61380584183  2.160198E-17
9158.13398017066  1.726210E-17
9163.65415449949  3.233674E-17
9169.17432882832  2.551088E-17
9174.69450315715  5.576656E-17
9180.21467748597  4.043862E-17
9185.7348518148  2.810279E-17
9191.25502614363  1.451816E-17
9196.77520047246  2.740340E-17
9202.29537480129  5.178032E-17
9207.81554913012  4.481811E-17
9213.33572345894  2.544108E-17
9218.85589778777  6.436307E-18
9224.3760721166  1.744990E-17
9229.89624644543  5.381770E-17
9235.41642077426  2.747164E-17
9240.93659510309  3.954545E-17
9246.45676943191  3.320752E-17
9251.97694376074  2.876874E-17
9257.49711808957  2.790675E-17
9263.0172924184  2.632070E-17
9268.53746674723  2.212442E-17
9274.05764107606  2.575047E-17
9279.57781540489  4.797335E-17
9285.09798973371  4.557677E-17
9290.61816406254  1.873636E-17
