3648.5  2.435171E-16
3654.02254789169  2.542134E-16
3659.54509578339  2.459935E-16
3665.06764367509  2.491406E-16
3670.59019156678  2.549300E-16
3676.11273945848  2.401229E-16
3681.63528735017  2.540148E-16
3687.15783524187  2.420941E-16
3692.68038313356  2.655927E-16
3698.20293102526  2.394789E-16
3703.72547891695  2.676947E-16
3709.24802680865  2.455642E-16
3714.77057470034  2.530247E-16
3720.29312259204  2.683178E-16
3725.81567048373  2.699149E-16
3731.33821837543  2.797254E-16
3736.86076626712  2.668329E-16
3742.38331415882  2.680912E-16
3747.90586205051  2.705597E-16
3753.42840994221  2.826301E-16
3758.9509578339  2.779031E-16
3764.4735057256  2.611745E-16
3769.9960536173  2.633170E-16
3775.51860150899  2.525735E-16
3781.04114940069  2.589069E-16
3786.56369729238  2.436108E-16
3792.08624518408  2.398115E-16
3797.60879307577  2.528055E-16
3803.13134096747  2.605831E-16
3808.65388885916  2.491247E-16
3814.17643675086  2.598201E-16
3819.69898464255  2.712916E-16
3825.22153253425  2.623720E-16
3830.74408042594  2.513843E-16
3836.26662831764  2.510435E-16
3841.78917620933  2.448000E-16
3847.31172410103  2.493714E-16
3852.83427199272  2.488903E-16
3858.35681988442  2.630945E-16
3863.87936777611  2.465365E-16
3869.40191566781  2.427376E-16
3874.9244635595  2.478140E-16
3880.4470114512  2.356708E-16
3885.96955934289  2.419928E-16
3891.49210723459  2.540798E-16
3897.01465512628  2.508564E-16
3902.53720301798  2.441819E-16
3908.05975090968  2.454957E-16
3913.58229880137  2.416522E-16
3919.10484669307  2.520218E-16
3924.62739458476  2.396358E-16
3930.14994247646  2.305104E-16
3935.67249036815  2.420561E-16
3941.19503825985  2.479815E-16
3946.71758615154  2.463016E-16
3952.24013404324  2.565721E-16
3957.76268193493  2.431125E-16
3963.28522982663  2.366018E-16
3968.80777771832  2.598985E-16
3974.33032561002  2.556695E-16
3979.85287350171  2.479747E-16
3985.37542139341  2.569758E-16
3990.8979692851  2.690817E-16
3996.4205171768  2.588083E-16
4001.94306506849  2.561625E-16
4007.46561296019  2.565321E-16
4012.98816085189  2.680582E-16
4018.51070874358  2.667647E-16
4024.03325663527  2.739732E-16
4029.55580452697  2.618269E-16
4035.07835241866  2.598012E-16
4040.60090031036  2.633129E-16
4046.12344820206  2.719288E-16
4051.64599609375  2.596163E-16
4057.16854398545  2.485710E-16
4062.69109187714  2.576132E-16
4068.21363976884  2.527661E-16
4073.73618766053  2.368971E-16
4079.25873555223  2.488397E-16
4084.78128344392  2.403928E-16
4090.30383133562  2.394388E-16
4095.82637922731  2.229419E-16
4101.34892711901  2.291592E-16
4106.8714750107  2.205638E-16
4112.3940229024  2.299145E-16
4117.91657079409  2.251155E-16
4123.43911868579  2.259722E-16
4128.96166657748  2.527835E-16
4134.48421446918  2.507319E-16
4140.00676236087  2.378280E-16
4145.52931025257  2.541211E-16
4151.05185814426  2.539188E-16
4156.57440603596  2.450964E-16
4162.09695392766  2.576848E-16
4167.61950181935  2.710498E-16
4173.14204971105  2.691483E-16
4178.66459760274  2.672564E-16
4184.18714549444  2.624404E-16
4189.70969338613  2.665922E-16
4195.23224127783  2.621482E-16
4200.75478916952  2.588007E-16
4206.27733706122  2.537688E-16
4211.79988495291  2.448539E-16
4217.32243284461  2.571075E-16
4222.8449807363  2.368077E-16
4228.367528628  2.444681E-16
4233.89007651969  2.505319E-16
4239.41262441139  2.396022E-16
4244.93517230308  2.451123E-16
4250.45772019478  2.438889E-16
4255.98026808647  2.343827E-16
4261.50281597817  2.344895E-16
4267.02536386986  2.259098E-16
4272.54791176156  2.248756E-16
4278.07045965326  2.322296E-16
4283.59300754495  2.354223E-16
4289.11555543665  2.311032E-16
4294.63810332834  2.111875E-16
4300.16065122004  2.153970E-16
4305.68319911173  2.099756E-16
4311.20574700343  1.940115E-16
4316.72829489512  1.968733E-16
4322.25084278682  2.069678E-16
4327.77339067851  1.951777E-16
4333.29593857021  1.963699E-16
4338.8184864619  1.993639E-16
4344.3410343536  1.884041E-16
4349.86358224529  1.845974E-16
4355.38613013699  2.015501E-16
4360.90867802868  1.970789E-16
4366.43122592038  1.901392E-16
4371.95377381207  2.093242E-16
4377.47632170377  2.161273E-16
4382.99886959546  2.226552E-16
4388.52141748716  2.312097E-16
4394.04396537885  2.387909E-16
4399.56651327055  2.405497E-16
4405.08906116224  2.482321E-16
4410.61160905394  2.377914E-16
4416.13415694564  2.446240E-16
4421.65670483733  2.486848E-16
4427.17925272903  2.498892E-16
4432.70180062072  2.457641E-16
4438.22434851242  2.468367E-16
4443.74689640411  2.592405E-16
4449.26944429581  2.526426E-16
4454.7919921875  2.293379E-16
4460.3145400792  2.396472E-16
4465.83708797089  2.301374E-16
4471.35963586259  2.268689E-16
4476.88218375428  2.315752E-16
4482.40473164598  2.265593E-16
4487.92727953767  2.143411E-16
4493.44982742937  2.140191E-16
4498.97237532106  2.217559E-16
4504.49492321276  2.258829E-16
4510.01747110445  2.082130E-16
4515.54001899615  2.098576E-16
4521.06256688784  2.249506E-16
4526.58511477954  2.281475E-16
4532.10766267124  2.299102E-16
4537.63021056293  2.202457E-16
4543.15275845463  2.106990E-16
4548.67530634632  2.174010E-16
4554.19785423802  2.113230E-16
4559.72040212971  2.108551E-16
4565.24295002141  2.091068E-16
4570.7654979131  2.042363E-16
4576.2880458048  2.181876E-16
4581.81059369649  2.090786E-16
4587.33314158819  2.147155E-16
4592.85568947988  2.051205E-16
4598.37823737158  2.146057E-16
4603.90078526327  2.195361E-16
4609.42333315497  2.183089E-16
4614.94588104666  2.044621E-16
4620.46842893836  2.083222E-16
4625.99097683006  2.019134E-16
4631.51352472175  1.893076E-16
4637.03607261344  1.903836E-16
4642.55862050514  1.978781E-16
4648.08116839684  2.108739E-16
4653.60371628853  1.999282E-16
4659.12626418023  1.873918E-16
4664.64881207192  1.837618E-16
4670.17135996362  1.906459E-16
4675.69390785531  1.946655E-16
4681.21645574701  1.991161E-16
4686.7390036387  1.988303E-16
4692.2615515304  2.003374E-16
4697.78409942209  2.019250E-16
4703.30664731379  1.891721E-16
4708.82919520548  1.886194E-16
4714.35174309718  1.942472E-16
4719.87429098887  1.797356E-16
4725.39683888057  1.809873E-16
4730.91938677226  1.873927E-16
4736.44193466396  1.776122E-16
4741.96448255565  1.782063E-16
4747.48703044735  1.875069E-16
4753.00957833904  1.802621E-16
4758.53212623074  1.729869E-16
4764.05467412243  1.743283E-16
4769.57722201413  1.758773E-16
4775.09976990582  1.789892E-16
4780.62231779752  1.767162E-16
4786.14486568922  1.782852E-16
4791.66741358091  1.660105E-16
4797.18996147261  1.725715E-16
4802.7125093643  1.717758E-16
4808.23505725599  1.783949E-16
4813.75760514769  1.710350E-16
4819.28015303939  1.623790E-16
4824.80270093108  1.555221E-16
4830.32524882278  1.570295E-16
4835.84779671447  1.603003E-16
4841.37034460617  1.585928E-16
4846.89289249786  1.504343E-16
4852.41544038956  1.501299E-16
4857.93798828125  1.540919E-16
4863.46053617295  1.517899E-16
4868.98308406464  1.504493E-16
4874.50563195634  1.644704E-16
4880.02817984803  1.746038E-16
4885.55072773973  1.735219E-16
4891.07327563142  1.726895E-16
4896.59582352312  1.839188E-16
4902.11837141481  1.881927E-16
4907.64091930651  1.989202E-16
4913.1634671982  2.017207E-16
4918.6860150899  2.040606E-16
4924.2085629816  2.143602E-16
4929.73111087329  2.062892E-16
4935.25365876499  2.149323E-16
4940.77620665668  2.230151E-16
4946.29875454838  2.265705E-16
4951.82130244007  2.285740E-16
4957.34385033177  2.214788E-16
4962.86639822346  2.249842E-16
4968.38894611516  2.312795E-16
4973.91149400685  2.287924E-16
4979.43404189855  2.320787E-16
4984.95658979024  2.218386E-16
4990.47913768194  2.194936E-16
4996.00168557363  2.098440E-16
5001.52423346533  2.221118E-16
5007.04678135702  2.156885E-16
5012.56932924872  2.047658E-16
5018.09187714041  2.017357E-16
5023.61442503211  1.957611E-16
5029.13697292381  2.088717E-16
5034.6595208155  2.128971E-16
5040.18206870719  2.005460E-16
5045.70461659889  1.991735E-16
5051.22716449059  2.108154E-16
5056.74971238228  2.053429E-16
5062.27226027398  1.983902E-16
5067.79480816567  1.985325E-16
5073.31735605737  2.014163E-16
5078.83990394906  1.988250E-16
5084.36245184076  1.881763E-16
5089.88499973245  1.859221E-16
5095.40754762415  1.755573E-16
5100.93009551584  1.816670E-16
5106.45264340754  1.733397E-16
5111.97519129923  1.746063E-16
5117.49773919093  1.856517E-16
5123.02028708262  1.757193E-16
5128.54283497432  1.732572E-16
5134.06538286601  1.787373E-16
5139.58793075771  1.751497E-16
5145.1104786494  1.728465E-16
5150.6330265411  1.726693E-16
5156.15557443279  1.649003E-16
5161.67812232449  1.637354E-16
5167.20067021619  1.654538E-16
5172.72321810788  1.565912E-16
5178.24576599958  1.703047E-16
5183.76831389127  1.659970E-16
5189.29086178297  1.640580E-16
5194.81340967466  1.600514E-16
5200.33595756636  1.573501E-16
5205.85850545805  1.633836E-16
5211.38105334975  1.669903E-16
5216.90360124144  1.659620E-16
5222.42614913314  1.590744E-16
5227.94869702483  1.510406E-16
5233.47124491653  1.572730E-16
5238.99379280822  1.624209E-16
5244.51634069992  1.555036E-16
5250.03888859161  1.526724E-16
5255.56143648331  1.541788E-16
5261.083984375  1.602511E-16
5266.6065322667  1.564739E-16
5272.1290801584  1.539050E-16
5277.65162805009  1.500540E-16
5283.17417594179  1.543413E-16
5288.69672383348  1.574805E-16
5294.21927172518  1.596787E-16
5299.74181961687  1.540289E-16
5305.26436750857  1.491033E-16
5310.78691540026  1.499650E-16
5316.30946329196  1.589177E-16
5321.83201118365  1.606028E-16
5327.35455907535  1.517796E-16
5332.87710696704  1.501151E-16
5338.39965485874  1.555978E-16
5343.92220275043  1.525538E-16
5349.44475064213  1.501731E-16
5354.96729853382  1.452168E-16
5360.48984642552  1.445173E-16
5366.01239431721  1.486615E-16
5371.53494220891  1.440906E-16
5377.0574901006  1.390789E-16
5382.5800379923  1.380648E-16
5388.10258588399  1.452923E-16
5393.62513377569  1.472570E-16
5399.14768166739  1.487713E-16
5404.67022955908  1.468210E-16
5410.19277745078  1.364155E-16
5415.71532534247  1.327287E-16
5421.23787323417  1.416934E-16
5426.76042112586  1.399898E-16
5432.28296901756  1.370001E-16
5437.80551690925  1.377152E-16
5443.32806480095  1.340065E-16
5448.85061269264  1.353199E-16
5454.37316058434  1.425013E-16
5459.89570847603  1.343537E-16
5465.41825636773  1.374687E-16
5470.94080425942  1.449074E-16
5476.46335215112  1.309168E-16
5481.98590004281  1.341585E-16
5487.50844793451  1.314021E-16
5493.0309958262  1.300758E-16
5498.5535437179  1.248624E-16
5504.07609160959  1.287401E-16
5509.59863950129  1.322337E-16
5515.12118739298  1.363861E-16
5520.64373528468  1.404401E-16
5526.16628317637  1.351991E-16
5531.68883106807  1.266269E-16
5537.21137895976  1.208689E-16
5542.73392685146  1.303383E-16
5548.25647474315  1.221862E-16
5553.77902263485  1.302332E-16
5559.30157052655  1.411366E-16
5564.82411841824  1.381803E-16
5570.34666630994  1.244675E-16
5575.86921420163  1.234900E-16
5581.39176209333  1.263847E-16
5586.91430998502  1.350691E-16
5592.43685787672  1.395705E-16
5597.95940576841  1.287358E-16
5603.48195366011  1.252016E-16
5609.0045015518  1.286835E-16
5614.5270494435  1.331592E-16
5620.04959733519  1.370116E-16
5625.57214522689  1.336838E-16
5631.09469311858  1.285778E-16
5636.61724101028  1.245578E-16
5642.13978890197  1.252367E-16
5647.66233679367  1.211290E-16
5653.18488468537  1.286574E-16
5658.70743257706  1.293139E-16
5664.22998046876  1.326105E-16
5669.75252836045  1.296782E-16
5675.27507625214  1.240105E-16
5680.79762414384  1.232546E-16
5686.32017203554  1.242464E-16
5691.84271992723  1.344213E-16
5697.36526781893  1.287626E-16
5702.88781571062  1.280538E-16
5708.41036360232  1.227654E-16
5713.93291149401  1.161431E-16
5719.45545938571  1.177465E-16
5724.9780072774  1.311805E-16
5730.5005551691  1.341222E-16
5736.02310306079  1.215896E-16
5741.54565095249  1.153660E-16
5747.06819884418  1.190352E-16
5752.59074673588  1.245373E-16
5758.11329462757  1.265767E-16
5763.63584251927  1.175509E-16
5769.15839041097  1.112706E-16
5774.68093830266  1.227271E-16
5780.20348619435  1.301485E-16
5785.72603408605  1.203462E-16
5791.24858197775  1.221177E-16
5796.77112986944  1.185531E-16
5802.29367776114  1.168322E-16
5807.81622565283  1.164453E-16
5813.33877354453  1.091283E-16
5818.86132143622  1.112721E-16
5824.38386932792  1.200351E-16
5829.90641721961  1.222485E-16
5835.42896511131  1.253329E-16
5840.951513003  1.240331E-16
5846.4740608947  1.197921E-16
5851.99660878639  1.181542E-16
5857.51915667809  1.221305E-16
5863.04170456978  1.157745E-16
5868.56425246148  1.118659E-16
5874.08680035317  1.183700E-16
5879.60934824487  1.184141E-16
5885.13189613656  1.061214E-16
5890.65444402826  1.068712E-16
5896.17699191995  1.077911E-16
5901.69953981165  1.153552E-16
5907.22208770334  1.227570E-16
5912.74463559504  1.077064E-16
5918.26718348674  1.095018E-16
5923.78973137843  1.267229E-16
5929.31227927013  1.239541E-16
5934.83482716182  1.176982E-16
5940.35737505352  1.217268E-16
5945.87992294521  1.322991E-16
5951.40247083691  1.184977E-16
5956.9250187286  1.218638E-16
5962.4475666203  1.187487E-16
5967.97011451199  1.317376E-16
5973.49266240369  1.246817E-16
5979.01521029538  1.220357E-16
5984.53775818708  1.232620E-16
5990.06030607877  1.290660E-16
5995.58285397047  1.282340E-16
6001.10540186216  1.235067E-16
6006.62794975386  1.222352E-16
6012.15049764555  1.146430E-16
6017.67304553725  1.218471E-16
6023.19559342894  1.280561E-16
6028.71814132064  1.345985E-16
6034.24068921234  1.232588E-16
6039.76323710403  1.144402E-16
6045.28578499572  1.201898E-16
6050.80833288742  1.213789E-16
6056.33088077912  1.173776E-16
6061.85342867081  1.176015E-16
6067.37597656251  1.246341E-16
6072.8985244542  1.314446E-16
6078.4210723459  1.269501E-16
6083.94362023759  1.174375E-16
6089.46616812929  1.238195E-16
6094.98871602098  1.282134E-16
6100.51126391268  1.220458E-16
6106.03381180437  1.137315E-16
6111.55635969607  1.140906E-16
6117.07890758776  1.251196E-16
6122.60145547946  1.271876E-16
6128.12400337115  1.239656E-16
6133.64655126285  1.216274E-16
6139.16909915455  1.211143E-16
6144.69164704624  1.235168E-16
6150.21419493793  1.256509E-16
6155.73674282963  1.193954E-16
6161.25929072132  1.062045E-16
6166.78183861302  1.094026E-16
6172.30438650472  1.088553E-16
6177.82693439641  1.064571E-16
6183.34948228811  1.160104E-16
6188.8720301798  1.209553E-16
6194.39457807149  1.122060E-16
6199.91712596319  1.166902E-16
6205.43967385489  1.075495E-16
6210.96222174658  1.026938E-16
6216.48476963828  1.167657E-16
6222.00731752997  1.072240E-16
6227.52986542167  1.096472E-16
6233.05241331336  1.188507E-16
6238.57496120506  1.064125E-16
6244.09750909675  1.035044E-16
6249.62005698845  1.031020E-16
6255.14260488014  1.012033E-16
6260.66515277184  1.001181E-16
6266.18770066353  1.038500E-16
6271.71024855523  1.030785E-16
6277.23279644692  1.045650E-16
6282.75534433862  1.116706E-16
6288.27789223031  1.140577E-16
6293.80044012201  1.003989E-16
6299.3229880137  9.532736E-17
6304.8455359054  9.525465E-17
6310.3680837971  9.861472E-17
6315.89063168879  9.901556E-17
6321.41317958049  1.103474E-16
6326.93572747218  9.999411E-17
6332.45827536388  9.801939E-17
6337.98082325557  1.037681E-16
6343.50337114727  1.030440E-16
6349.02591903896  9.965765E-17
6354.54846693066  1.017368E-16
6360.07101482235  1.037292E-16
6365.59356271405  1.083027E-16
6371.11611060574  1.051005E-16
6376.63865849744  9.374344E-17
6382.16120638913  9.473991E-17
6387.68375428083  1.001868E-16
6393.20630217252  9.564719E-17
6398.72885006422  9.934603E-17
6404.25139795591  1.066108E-16
6409.77394584761  1.027618E-16
6415.2964937393  1.005417E-16
6420.819041631  9.506594E-17
6426.3415895227  9.281650E-17
6431.86413741439  9.917189E-17
6437.38668530609  1.002389E-16
6442.90923319778  1.001199E-16
6448.43178108948  1.026389E-16
6453.95432898117  9.572807E-17
6459.47687687287  9.661309E-17
6464.99942476456  8.996919E-17
6470.52197265626  8.890662E-17
6476.04452054795  8.429741E-17
6481.56706843965  8.121217E-17
6487.08961633134  8.193362E-17
6492.61216422304  8.533662E-17
6498.13471211473  8.422331E-17
6503.65726000643  9.745002E-17
6509.17980789812  9.182849E-17
6514.70235578982  9.261393E-17
6520.22490368151  7.924177E-17
6525.74745157321  8.805729E-17
6531.2699994649  8.895919E-17
6536.7925473566  9.424094E-17
6542.31509524829  8.872709E-17
6547.83764313999  7.983509E-17
6553.36019103168  8.510572E-17
6558.88273892338  9.224707E-17
6564.40528681508  9.825993E-17
6569.92783470677  1.000839E-16
6575.45038259847  1.019692E-16
6580.97293049016  1.070413E-16
6586.49547838185  1.151379E-16
6592.01802627355  1.210932E-16
6597.54057416525  1.249604E-16
6603.06312205694  1.220639E-16
6608.58566994864  1.156681E-16
6614.10821784033  1.197970E-16
6619.63076573203  1.251417E-16
6625.15331362372  1.280882E-16
6630.67586151542  1.399220E-16
6636.19840940711  1.487886E-16
6641.72095729881  1.481793E-16
6647.2435051905  1.457055E-16
6652.7660530822  1.437175E-16
6658.28860097389  1.418617E-16
6663.81114886559  1.401667E-16
6669.33369675728  1.467647E-16
6674.85624464898  1.423661E-16
6680.37879254067  1.548221E-16
6685.90134043237  1.483615E-16
6691.42388832406  1.473352E-16
6696.94643621576  1.453890E-16
6702.46898410746  1.584086E-16
6707.99153199915  1.482689E-16
6713.51407989085  1.451808E-16
6719.03662778254  1.398379E-16
6724.55917567424  1.441733E-16
6730.08172356593  1.523055E-16
6735.60427145763  1.456714E-16
6741.12681934932  1.552383E-16
6746.64936724102  1.545841E-16
6752.17191513271  1.408576E-16
6757.69446302441  1.397145E-16
6763.2170109161  1.286666E-16
6768.7395588078  1.316827E-16
6774.26210669949  1.309554E-16
6779.78465459119  1.363276E-16
6785.30720248288  1.369801E-16
6790.82975037458  1.304846E-16
6796.35229826627  1.330483E-16
6801.87484615797  1.397866E-16
6807.39739404966  1.347215E-16
6812.91994194136  1.249016E-16
6818.44248983306  1.229244E-16
6823.96503772475  1.250911E-16
6829.48758561645  1.312056E-16
6835.01013350814  1.314428E-16
6840.53268139984  1.244898E-16
6846.05522929153  1.238667E-16
6851.57777718323  1.081605E-16
6857.10032507492  1.161108E-16
6862.62287296662  1.086822E-16
6868.14542085831  1.034815E-16
6873.66796875001  1.095618E-16
6879.1905166417  1.117473E-16
6884.7130645334  1.071924E-16
6890.23561242509  1.140742E-16
6895.75816031679  1.148879E-16
6901.28070820848  1.041344E-16
6906.80325610018  1.006214E-16
6912.32580399188  1.007296E-16
6917.84835188357  9.324101E-17
6923.37089977526  1.049269E-16
6928.89344766696  9.967757E-17
6934.41599555866  9.974163E-17
6939.93854345035  1.076664E-16
6945.46109134205  1.110423E-16
6950.98363923374  1.078020E-16
6956.50618712544  1.010429E-16
6962.02873501713  9.249181E-17
6967.55128290883  8.991987E-17
6973.07383080052  9.401431E-17
6978.59637869222  8.696658E-17
6984.11892658391  8.792716E-17
6989.64147447561  1.018060E-16
6995.1640223673  9.348322E-17
7000.686570259  8.662186E-17
7006.20911815069  8.806731E-17
7011.73166604239  8.177021E-17
7017.25421393408  9.450807E-17
7022.77676182578  9.586177E-17
7028.29930971747  8.374328E-17
7033.82185760917  9.281493E-17
7039.34440550087  8.869582E-17
7044.86695339256  8.659939E-17
7050.38950128426  8.493048E-17
7055.91204917595  8.343793E-17
7061.43459706764  8.387137E-17
7066.95714495934  8.406911E-17
7072.47969285104  8.310095E-17
7078.00224074273  8.610124E-17
7083.52478863443  9.300477E-17
7089.04733652612  8.626757E-17
7094.56988441782  8.036524E-17
7100.09243230951  8.108013E-17
7105.61498020121  8.801271E-17
7111.1375280929  8.358479E-17
7116.6600759846  9.217525E-17
7122.18262387629  8.714685E-17
7127.70517176799  9.076755E-17
7133.22771965968  8.939552E-17
7138.75026755138  8.839298E-17
7144.27281544307  8.396831E-17
7149.79536333477  8.154397E-17
7155.31791122646  8.031580E-17
7160.84045911816  7.892326E-17
7166.36300700985  8.104788E-17
7171.88555490155  8.140606E-17
7177.40810279325  8.055479E-17
7182.93065068494  7.788968E-17
7188.45319857664  7.935283E-17
7193.97574646833  8.744345E-17
7199.49829436003  9.001566E-17
7205.02084225172  8.160146E-17
7210.54339014342  7.843697E-17
7216.06593803511  9.130058E-17
7221.58848592681  8.366111E-17
7227.1110338185  8.722617E-17
7232.6335817102  9.033276E-17
7238.15612960189  7.093217E-17
7243.67867749359  8.579388E-17
7249.20122538528  8.715414E-17
7254.72377327698  8.587678E-17
7260.24632116867  7.565963E-17
7265.76886906037  8.277760E-17
7271.29141695206  7.726194E-17
7276.81396484376  7.476960E-17
7282.33651273545  9.372344E-17
7287.85906062715  8.887573E-17
7293.38160851884  7.064248E-17
7298.90415641054  8.056744E-17
7304.42670430224  7.909128E-17
7309.94925219393  8.630939E-17
7315.47180008563  8.301522E-17
7320.99434797732  7.876514E-17
7326.51689586902  8.099094E-17
7332.03944376071  8.204627E-17
7337.56199165241  8.937068E-17
7343.0845395441  7.926839E-17
7348.6070874358  6.634853E-17
7354.12963532749  6.503813E-17
7359.65218321919  7.564367E-17
7365.17473111088  7.642524E-17
7370.69727900258  7.907607E-17
7376.21982689427  7.572123E-17
7381.74237478597  7.761410E-17
7387.26492267766  7.268749E-17
7392.78747056936  6.567500E-17
7398.31001846105  7.445164E-17
7403.83256635275  7.022667E-17
7409.35511424444  6.817288E-17
7414.87766213614  6.945163E-17
7420.40021002783  6.903167E-17
7425.92275791953  6.783942E-17
7431.44530581123  7.012744E-17
7436.96785370292  6.899465E-17
7442.49040159461  7.306185E-17
7448.01294948631  8.365407E-17
7453.535497378  7.846313E-17
7459.0580452697  8.230007E-17
7464.5805931614  8.871040E-17
7470.10314105309  8.006563E-17
7475.62568894479  6.795319E-17
7481.14823683648  6.362996E-17
7486.67078472818  6.954234E-17
7492.19333261987  7.795598E-17
7497.71588051157  7.681398E-17
7503.23842840326  8.127016E-17
7508.76097629496  7.739069E-17
7514.28352418665  6.962522E-17
7519.80607207835  8.166332E-17
7525.32861997004  7.503551E-17
7530.85116786174  7.611721E-17
7536.37371575343  8.407900E-17
7541.89626364513  6.896437E-17
7547.41881153682  8.115378E-17
7552.94135942852  8.084796E-17
7558.46390732021  7.079064E-17
7563.98645521191  7.675903E-17
7569.50900310361  7.486263E-17
7575.0315509953  7.876019E-17
7580.554098887  7.938392E-17
7586.07664677869  6.284386E-17
7591.59919467039  6.248150E-17
7597.12174256208  6.991675E-17
7602.64429045378  7.373279E-17
7608.16683834547  7.753487E-17
7613.68938623717  7.109560E-17
7619.21193412886  6.130328E-17
7624.73448202056  6.599818E-17
7630.25702991225  6.632607E-17
7635.77957780395  7.744948E-17
7641.30212569564  7.919224E-17
7646.82467358734  6.932713E-17
7652.34722147903  6.282780E-17
7657.86976937073  6.586895E-17
7663.39231726242  6.347535E-17
7668.91486515412  5.862897E-17
7674.43741304581  6.685990E-17
7679.95996093751  6.891970E-17
7685.4825088292  6.713845E-17
7691.0050567209  6.118224E-17
7696.5276046126  6.265842E-17
7702.05015250429  6.436302E-17
7707.57270039599  6.321140E-17
7713.09524828768  7.701818E-17
7718.61779617938  6.755902E-17
7724.14034407107  5.525971E-17
7729.66289196277  6.512732E-17
7735.18543985446  7.833919E-17
7740.70798774616  7.234723E-17
7746.23053563785  6.469900E-17
7751.75308352955  5.368803E-17
7757.27563142124  6.040354E-17
7762.79817931294  5.886680E-17
7768.32072720463  4.875134E-17
7773.84327509633  5.659051E-17
7779.36582298802  6.875419E-17
7784.88837087972  7.771655E-17
7790.41091877141  6.992115E-17
7795.93346666311  6.539816E-17
7801.4560145548  7.163933E-17
7806.9785624465  6.871008E-17
7812.5011103382  5.474088E-17
7818.02365822989  5.011693E-17
7823.54620612158  7.265641E-17
7829.06875401328  7.708780E-17
7834.59130190497  5.267188E-17
7840.11384979667  5.465684E-17
7845.63639768837  6.148900E-17
7851.15894558006  6.190541E-17
7856.68149347176  5.764741E-17
7862.20404136345  6.311049E-17
7867.72658925515  5.557345E-17
7873.24913714684  6.199312E-17
7878.77168503854  6.356123E-17
7884.29423293023  5.959429E-17
7889.81678082193  5.774417E-17
7895.33932871362  6.392145E-17
7900.86187660532  8.147435E-17
7906.38442449701  6.328414E-17
7911.90697238871  7.290820E-17
7917.42952028041  7.212607E-17
7922.9520681721  5.741647E-17
7928.47461606379  5.939263E-17
7933.99716395549  5.762962E-17
7939.51971184719  5.776106E-17
7945.04225973888  6.255391E-17
7950.56480763058  6.845065E-17
7956.08735552227  6.865293E-17
7961.60990341396  6.170276E-17
7967.13245130566  5.621754E-17
7972.65499919736  5.321330E-17
7978.17754708905  5.207262E-17
7983.70009498075  6.133732E-17
7989.22264287244  7.694222E-17
7994.74519076414  7.507416E-17
8000.26773865583  6.790848E-17
8005.79028654753  5.809953E-17
8011.31283443922  4.937224E-17
8016.83538233092  6.123623E-17
8022.35793022261  6.731549E-17
8027.88047811431  6.248274E-17
8033.403026006  7.146564E-17
8038.9255738977  6.624038E-17
8044.44812178939  6.417051E-17
8049.97066968109  6.901112E-17
8055.49321757279  6.660547E-17
8061.01576546448  4.482354E-17
8066.53831335617  5.011649E-17
8072.06086124787  7.273031E-17
8077.58340913956  6.638124E-17
8083.10595703126  5.348308E-17
8088.62850492296  4.968657E-17
8094.15105281465  5.130469E-17
8099.67360070635  5.154655E-17
8105.19614859804  5.655973E-17
8110.71869648974  7.114664E-17
8116.24124438143  6.764522E-17
8121.76379227313  6.029226E-17
8127.28634016482  6.204739E-17
8132.80888805652  5.543550E-17
8138.33143594821  5.736582E-17
8143.85398383991  6.286456E-17
8149.3765317316  7.147954E-17
8154.8990796233  6.584719E-17
8160.42162751499  6.280928E-17
8165.94417540669  5.235347E-17
8171.46672329838  4.842008E-17
8176.98927119008  7.247196E-17
8182.51181908177  7.656231E-17
8188.03436697347  4.544083E-17
8193.55691486516  5.197637E-17
8199.07946275686  5.637759E-17
8204.60201064855  5.584280E-17
8210.12455854025  5.712390E-17
8215.64710643195  6.292460E-17
8221.16965432364  6.706029E-17
8226.69220221534  6.135060E-17
8232.21475010703  5.881758E-17
8237.73729799873  6.338598E-17
8243.25984589042  5.943731E-17
8248.78239378212  6.513382E-17
8254.30494167381  6.309417E-17
8259.82748956551  6.960499E-17
8265.3500374572  6.382954E-17
8270.8725853489  4.171468E-17
8276.39513324059  6.811422E-17
8281.91768113229  8.304034E-17
8287.44022902398  6.762448E-17
8292.96277691568  6.363169E-17
8298.48532480737  4.732202E-17
8304.00787269907  6.892447E-17
8309.53042059076  5.748095E-17
8315.05296848246  5.770786E-17
8320.57551637415  6.148324E-17
8326.09806426585  6.272884E-17
8331.62061215755  6.567795E-17
8337.14316004924  6.100860E-17
8342.66570794093  6.552485E-17
8348.18825583263  6.184003E-17
8353.71080372433  5.378176E-17
8359.23335161602  4.582746E-17
8364.75589950772  5.003194E-17
8370.27844739941  7.576708E-17
8375.80099529111  6.856077E-17
8381.3235431828  5.007711E-17
8386.8460910745  5.286129E-17
8392.36863896619  4.185315E-17
8397.89118685789  4.779164E-17
8403.41373474958  7.326681E-17
8408.93628264128  6.088571E-17
8414.45883053297  4.750985E-17
8419.98137842467  5.865013E-17
8425.50392631636  7.733989E-17
8431.02647420806  8.299271E-17
8436.54902209975  5.107005E-17
8442.07156999145  4.773153E-17
8447.59411788314  6.403920E-17
8453.11666577484  6.517739E-17
8458.63921366654  4.841621E-17
8464.16176155823  4.407342E-17
8469.68430944993  6.168924E-17
8475.20685734162  6.739441E-17
8480.72940523332  5.974573E-17
8486.25195312501  6.242129E-17
8491.77450101671  5.105012E-17
8497.2970489084  4.370108E-17
8502.8195968001  5.836204E-17
8508.34214469179  4.749755E-17
8513.86469258349  5.360801E-17
8519.38724047518  6.193113E-17
8524.90978836688  4.081823E-17
8530.43233625857  4.035332E-17
8535.95488415027  5.534898E-17
8541.47743204196  6.142165E-17
8546.99997993366  6.421303E-17
8552.52252782535  6.164278E-17
8558.04507571705  6.447146E-17
8563.56762360874  4.904272E-17
8569.09017150044  4.531096E-17
8574.61271939214  6.297787E-17
8580.13526728383  5.627862E-17
8585.65781517553  4.928800E-17
8591.18036306722  5.071852E-17
8596.70291095891  6.065766E-17
8602.22545885061  5.837862E-17
8607.74800674231  5.851023E-17
8613.270554634  3.248328E-17
8618.7931025257  3.191832E-17
8624.31565041739  5.770189E-17
8629.83819830909  5.275070E-17
8635.36074620078  4.355366E-17
8640.88329409248  3.735204E-17
8646.40584198417  3.215785E-17
8651.92838987587  6.124338E-17
8657.45093776756  5.217412E-17
8662.97348565926  4.132963E-17
8668.49603355095  6.212682E-17
8674.01858144265  4.684323E-17
8679.54112933434  7.175305E-17
8685.06367722604  7.527532E-17
8690.58622511773  4.362730E-17
8696.10877300943  4.067996E-17
8701.63132090113  4.491979E-17
8707.15386879282  4.437132E-17
8712.67641668451  4.119543E-17
8718.19896457621  4.275732E-17
8723.72151246791  6.008020E-17
8729.2440603596  5.200907E-17
8734.7666082513  4.953533E-17
8740.28915614299  6.665324E-17
8745.81170403469  4.985745E-17
8751.33425192638  4.829630E-17
8756.85679981808  4.589750E-17
8762.37934770977  5.372444E-17
8767.90189560147  3.041709E-17
8773.42444349316  4.174934E-17
8778.94699138486  3.729991E-17
8784.46953927655  4.980616E-17
8789.99208716825  5.410418E-17
8795.51463505994  3.988767E-17
8801.03718295164  3.963363E-17
8806.55973084333  4.955436E-17
8812.08227873503  6.341499E-17
8817.60482662672  6.286055E-17
8823.12737451842  7.331550E-17
8828.64992241011  7.689598E-17
8834.17247030181  6.512150E-17
8839.6950181935  5.415018E-17
8845.2175660852  5.113489E-17
8850.7401139769  5.722948E-17
8856.26266186859  6.393651E-17
8861.78520976029  6.274944E-17
8867.30775765198  5.293009E-17
8872.83030554368  4.581656E-17
8878.35285343537  5.474283E-17
8883.87540132707  5.772887E-17
8889.39794921876  4.814650E-17
8894.92049711046  4.604978E-17
8900.44304500215  3.941128E-17
8905.96559289385  2.811403E-17
8911.48814078554  2.616368E-17
8917.01068867724  2.722597E-17
8922.53323656894  4.377471E-17
8928.05578446063  5.795243E-17
8933.57833235232  4.901772E-17
8939.10088024402  5.290699E-17
8944.62342813571  4.106383E-17
8950.14597602741  2.982753E-17
8955.66852391911  6.427252E-17
8961.1910718108  4.568987E-17
8966.71361970249  4.378026E-17
8972.23616759419  5.679661E-17
8977.75871548589  4.867098E-17
8983.28126337758  4.771584E-17
8988.80381126928  7.995487E-17
8994.32635916097  8.255787E-17
8999.84890705267  6.154761E-17
9005.37145494436  6.584764E-17
9010.89400283606  4.885347E-17
9016.41655072775  4.813126E-17
9021.93909861945  5.703149E-17
9027.46164651114  6.037370E-17
9032.98419440284  5.567720E-17
9038.50674229453  4.046067E-17
9044.02929018623  4.118740E-17
9049.55183807792  4.065112E-17
9055.07438596962  4.288383E-17
9060.59693386131  4.258540E-17
9066.11948175301  2.617546E-17
9071.6420296447  4.336234E-17
9077.1645775364  5.932821E-17
9082.68712542809  4.295412E-17
9088.20967331979  3.394989E-17
9093.73222121149  2.225636E-17
9099.25476910318  3.891460E-17
9104.77731699488  3.454872E-17
9110.29986488657  4.093838E-17
9115.82241277826  4.620108E-17
9121.34496066996  4.542355E-17
9126.86750856166  6.100527E-17
9132.39005645335  5.036995E-17
9137.91260434505  4.000111E-17
9143.43515223674  4.325510E-17
9148.95770012844  6.449834E-17
9154.48024802013  5.362381E-17
9160.00279591183  2.199259E-17
9165.52534380352  3.402867E-17
9171.04789169522  3.889720E-17
9176.57043958691  7.125278E-17
9182.09298747861  4.536851E-17
9187.6155353703  2.900865E-17
9193.138083262  4.525082E-17
9198.6606311537  4.452410E-17
9204.18317904539  3.727476E-17
9209.70572693708  4.287482E-17
9215.22827482878  4.498796E-17
9220.75082272047  3.421147E-17
9226.27337061217  5.156369E-17
9231.79591850387  6.154698E-17
9237.31846639556  5.477429E-17
9242.84101428726  4.971512E-17
9248.36356217895  3.721047E-17
9253.88611007065  4.731354E-17
9259.40865796234  6.312464E-17
9264.93120585404  5.336541E-17
9270.45375374573  4.908462E-17
9275.97630163743  4.861335E-17
9281.49884952912  5.074112E-17
9287.02139742082  5.153744E-17
9292.54394531251  6.858835E-17
