3645.  1.572444E-16
3650.52263675697  1.563143E-16
3656.04527351394  1.693148E-16
3661.56791027091  1.714219E-16
3667.09054702789  1.861170E-16
3672.61318378486  1.699220E-16
3678.13582054183  1.497600E-16
3683.6584572988  1.404596E-16
3689.18109405577  1.368960E-16
3694.70373081274  1.668627E-16
3700.22636756972  1.768486E-16
3705.74900432669  1.589720E-16
3711.27164108366  1.615000E-16
3716.79427784063  1.857190E-16
3722.3169145976  1.834592E-16
3727.83955135457  1.619783E-16
3733.36218811155  1.631797E-16
3738.88482486852  1.789074E-16
3744.40746162549  1.665752E-16
3749.93009838246  1.795512E-16
3755.45273513943  1.454695E-16
3760.9753718964  1.659467E-16
3766.49800865338  1.441803E-16
3772.02064541035  1.609530E-16
3777.54328216732  1.483118E-16
3783.06591892429  1.487450E-16
3788.58855568126  1.565179E-16
3794.11119243823  1.659290E-16
3799.63382919521  1.958587E-16
3805.15646595218  1.733330E-16
3810.67910270915  1.803445E-16
3816.20173946612  1.920013E-16
3821.72437622309  1.788362E-16
3827.24701298006  1.839096E-16
3832.76964973703  1.823272E-16
3838.29228649401  2.010171E-16
3843.81492325098  1.685351E-16
3849.33756000795  1.720895E-16
3854.86019676492  1.522363E-16
3860.38283352189  1.518867E-16
3865.90547027887  1.556119E-16
3871.42810703584  1.619726E-16
3876.95074379281  1.375808E-16
3882.47338054978  1.519280E-16
3887.99601730675  1.440580E-16
3893.51865406372  1.434168E-16
3899.04129082069  1.293870E-16
3904.56392757767  1.519627E-16
3910.08656433464  1.701758E-16
3915.60920109161  1.589395E-16
3921.13183784858  1.510489E-16
3926.65447460555  1.575707E-16
3932.17711136252  1.501121E-16
3937.6997481195  1.370949E-16
3943.22238487647  1.348424E-16
3948.74502163344  1.392344E-16
3954.26765839041  1.461466E-16
3959.79029514738  1.444601E-16
3965.31293190435  1.362272E-16
3970.83556866133  1.522462E-16
3976.3582054183  1.514053E-16
3981.88084217527  1.577098E-16
3987.40347893224  1.583864E-16
3992.92611568921  1.487336E-16
3998.44875244618  1.669579E-16
4003.97138920315  1.632708E-16
4009.49402596013  1.675979E-16
4015.0166627171  1.603776E-16
4020.53929947407  1.569386E-16
4026.06193623104  1.701435E-16
4031.58457298801  1.686790E-16
4037.10720974498  1.708150E-16
4042.62984650196  1.643843E-16
4048.15248325893  1.484026E-16
4053.6751200159  1.726902E-16
4059.19775677287  1.497237E-16
4064.72039352984  1.398649E-16
4070.24303028681  1.537026E-16
4075.76566704379  1.543761E-16
4081.28830380076  1.551184E-16
4086.81094055773  1.292588E-16
4092.3335773147  1.332929E-16
4097.85621407167  1.437726E-16
4103.37885082864  1.509745E-16
4108.90148758562  1.367917E-16
4114.42412434259  1.280572E-16
4119.94676109956  1.368114E-16
4125.46939785653  1.330507E-16
4130.9920346135  1.422826E-16
4136.51467137048  1.401412E-16
4142.03730812744  1.447399E-16
4147.55994488442  1.738332E-16
4153.08258164139  1.600562E-16
4158.60521839836  1.614602E-16
4164.12785515533  1.720923E-16
4169.6504919123  1.598908E-16
4175.17312866928  1.458798E-16
4180.69576542625  1.438297E-16
4186.21840218322  1.576096E-16
4191.74103894019  1.708509E-16
4197.26367569716  1.562772E-16
4202.78631245413  1.691746E-16
4208.3089492111  1.711811E-16
4213.83158596808  1.786944E-16
4219.35422272505  1.779661E-16
4224.87685948202  1.708902E-16
4230.39949623899  1.373959E-16
4235.92213299596  1.458792E-16
4241.44476975294  1.621780E-16
4246.96740650991  1.352390E-16
4252.49004326688  1.354352E-16
4258.01268002385  1.374725E-16
4263.53531678082  1.463255E-16
4269.05795353779  1.299104E-16
4274.58059029476  1.366933E-16
4280.10322705174  1.363367E-16
4285.62586380871  1.507455E-16
4291.14850056568  1.333934E-16
4296.67113732265  1.375396E-16
4302.19377407962  1.168135E-16
4307.71641083659  1.020570E-16
4313.23904759357  1.096932E-16
4318.76168435054  1.165216E-16
4324.28432110751  1.049952E-16
4329.80695786448  1.019334E-16
4335.32959462145  1.188858E-16
4340.85223137843  1.135953E-16
4346.37486813539  1.122203E-16
4351.89750489237  1.122539E-16
4357.42014164934  1.200086E-16
4362.94277840631  1.217288E-16
4368.46541516328  1.295896E-16
4373.98805192025  1.282182E-16
4379.51068867722  1.296979E-16
4385.0333254342  1.354919E-16
4390.55596219117  1.537282E-16
4396.07859894814  1.464128E-16
4401.60123570511  1.518407E-16
4407.12387246208  1.393359E-16
4412.64650921905  1.568894E-16
4418.16914597603  1.592586E-16
4423.691782733  1.469779E-16
4429.21441948997  1.531067E-16
4434.73705624694  1.458505E-16
4440.25969300391  1.516772E-16
4445.78232976088  1.519207E-16
4451.30496651786  1.558279E-16
4456.82760327483  1.643740E-16
4462.3502400318  1.689913E-16
4467.87287678877  1.445436E-16
4473.39551354574  1.349735E-16
4478.91815030271  1.442723E-16
4484.44078705969  1.541144E-16
4489.96342381666  1.530221E-16
4495.48606057363  1.384266E-16
4501.0086973306  1.281499E-16
4506.53133408757  1.284352E-16
4512.05397084454  1.412474E-16
4517.57660760152  1.409130E-16
4523.09924435849  1.320895E-16
4528.62188111546  1.325154E-16
4534.14451787243  1.226672E-16
4539.6671546294  1.271938E-16
4545.18979138637  1.359839E-16
4550.71242814334  1.232204E-16
4556.23506490032  1.232456E-16
4561.75770165729  1.350089E-16
4567.28033841426  1.283860E-16
4572.80297517123  1.182461E-16
4578.3256119282  1.278545E-16
4583.84824868517  1.325362E-16
4589.37088544215  1.150358E-16
4594.89352219912  1.164408E-16
4600.41615895609  1.271153E-16
4605.93879571306  1.275132E-16
4611.46143247003  1.165748E-16
4616.984069227  1.127087E-16
4622.50670598398  1.091679E-16
4628.02934274095  1.180846E-16
4633.55197949792  1.169513E-16
4639.07461625489  1.132740E-16
4644.59725301186  1.191868E-16
4650.11988976883  1.123546E-16
4655.64252652581  1.239906E-16
4661.16516328278  1.079302E-16
4666.68780003975  1.149836E-16
4672.21043679672  1.136534E-16
4677.73307355369  1.195707E-16
4683.25571031067  1.229207E-16
4688.77834706764  1.122983E-16
4694.30098382461  1.145043E-16
4699.82362058158  1.129630E-16
4705.34625733855  1.132854E-16
4710.86889409552  1.181097E-16
4716.39153085249  1.011321E-16
4721.91416760947  9.812050E-17
4727.43680436644  1.081709E-16
4732.95944112341  1.009638E-16
4738.48207788038  9.652703E-17
4744.00471463735  1.055343E-16
4749.52735139432  1.101955E-16
4755.04998815129  1.071956E-16
4760.57262490827  1.013034E-16
4766.09526166524  1.021424E-16
4771.61789842221  1.042016E-16
4777.14053517918  1.117649E-16
4782.66317193615  1.033095E-16
4788.18580869312  1.006417E-16
4793.7084454501  9.045088E-17
4799.23108220707  8.982184E-17
4804.75371896404  8.935783E-17
4810.27635572101  8.551574E-17
4815.79899247798  8.710261E-17
4821.32162923495  7.629350E-17
4826.84426599193  7.348291E-17
4832.3669027489  8.044547E-17
4837.88953950587  7.697280E-17
4843.41217626284  7.045637E-17
4848.93481301981  7.823941E-17
4854.45744977678  7.737348E-17
4859.98008653376  7.543568E-17
4865.50272329073  8.689555E-17
4871.0253600477  1.108505E-16
4876.54799680467  1.075282E-16
4882.07063356164  1.058414E-16
4887.59327031861  1.075400E-16
4893.11590707559  1.103218E-16
4898.63854383256  1.230346E-16
4904.16118058953  1.165776E-16
4909.6838173465  1.223568E-16
4915.20645410347  1.287690E-16
4920.72909086044  1.292542E-16
4926.25172761742  1.293785E-16
4931.77436437439  1.361601E-16
4937.29700113136  1.367715E-16
4942.81963788833  1.402164E-16
4948.3422746453  1.339021E-16
4953.86491140227  1.308580E-16
4959.38754815924  1.449348E-16
4964.91018491622  1.393976E-16
4970.43282167319  1.427389E-16
4975.95545843016  1.445802E-16
4981.47809518713  1.367768E-16
4987.0007319441  1.416801E-16
4992.52336870107  1.591251E-16
4998.04600545805  1.567860E-16
5003.56864221502  1.292810E-16
5009.09127897199  1.262249E-16
5014.61391572896  1.288269E-16
5020.13655248593  1.273819E-16
5025.6591892429  1.232216E-16
5031.18182599988  1.307518E-16
5036.70446275685  1.272494E-16
5042.22709951382  1.215262E-16
5047.74973627079  1.179222E-16
5053.27237302776  1.186406E-16
5058.79500978473  1.291248E-16
5064.31764654171  1.289658E-16
5069.84028329868  1.194602E-16
5075.36292005565  1.169184E-16
5080.88555681262  1.102338E-16
5086.40819356959  1.081148E-16
5091.93083032656  1.234539E-16
5097.45346708354  1.153639E-16
5102.97610384051  1.060170E-16
5108.49874059748  1.042836E-16
5114.02137735445  1.057916E-16
5119.54401411142  1.041725E-16
5125.06665086839  1.074973E-16
5130.58928762537  1.208290E-16
5136.11192438234  1.114553E-16
5141.63456113931  1.159429E-16
5147.15719789628  1.286274E-16
5152.67983465325  1.164944E-16
5158.20247141022  1.079109E-16
5163.72510816719  9.906814E-17
5169.24774492417  9.945437E-17
5174.77038168114  9.861452E-17
5180.29301843811  8.679922E-17
5185.81565519508  8.675262E-17
5191.33829195205  9.665901E-17
5196.86092870902  1.001624E-16
5202.383565466  9.547623E-17
5207.90620222297  8.681032E-17
5213.42883897994  9.270649E-17
5218.95147573691  9.737433E-17
5224.47411249388  9.516810E-17
5229.99674925086  8.476980E-17
5235.51938600783  8.324955E-17
5241.0420227648  8.312969E-17
5246.56465952177  9.816951E-17
5252.08729627874  9.994078E-17
5257.60993303571  9.608097E-17
5263.13256979268  9.076045E-17
5268.65520654966  9.795328E-17
5274.17784330663  8.330570E-17
5279.7004800636  9.060549E-17
5285.22311682057  8.741670E-17
5290.74575357754  7.689975E-17
5296.26839033451  7.250269E-17
5301.79102709149  8.278161E-17
5307.31366384846  8.483539E-17
5312.83630060543  9.060265E-17
5318.3589373624  8.282848E-17
5323.88157411937  9.244298E-17
5329.40421087634  8.667446E-17
5334.92684763332  7.238404E-17
5340.44948439029  8.204296E-17
5345.97212114726  7.403158E-17
5351.49475790423  7.086110E-17
5357.0173946612  7.330739E-17
5362.54003141817  8.975139E-17
5368.06266817514  8.914034E-17
5373.58530493212  8.313540E-17
5379.10794168909  7.918865E-17
5384.63057844606  8.737451E-17
5390.15321520303  8.268639E-17
5395.67585196  8.807220E-17
5401.19848871698  7.887937E-17
5406.72112547395  7.663257E-17
5412.24376223092  7.128948E-17
5417.76639898789  7.431012E-17
5423.28903574486  7.993354E-17
5428.81167250183  7.580879E-17
5434.3343092588  8.243734E-17
5439.85694601578  8.339458E-17
5445.37958277275  6.850672E-17
5450.90221952972  7.641763E-17
5456.42485628669  7.324140E-17
5461.94749304366  7.447364E-17
5467.47012980063  7.312581E-17
5472.99276655761  6.728552E-17
5478.51540331458  7.184878E-17
5484.03804007155  8.503533E-17
5489.56067682852  7.998215E-17
5495.08331358549  7.563160E-17
5500.60595034246  7.493520E-17
5506.12858709944  7.868161E-17
5511.65122385641  7.128398E-17
5517.17386061338  7.221713E-17
5522.69649737035  7.540108E-17
5528.21913412732  7.727722E-17
5533.74177088429  6.751786E-17
5539.26440764127  6.470694E-17
5544.78704439824  6.935658E-17
5550.30968115521  6.634652E-17
5555.83231791218  6.838300E-17
5561.35495466915  7.581849E-17
5566.87759142612  7.154149E-17
5572.40022818309  7.050547E-17
5577.92286494007  6.970721E-17
5583.44550169704  6.767684E-17
5588.96813845401  6.223212E-17
5594.49077521098  7.187281E-17
5600.01341196795  7.547557E-17
5605.53604872492  7.363966E-17
5611.0586854819  7.146715E-17
5616.58132223887  7.377851E-17
5622.10395899584  7.271389E-17
5627.62659575281  6.916457E-17
5633.14923250978  6.520634E-17
5638.67186926675  6.072218E-17
5644.19450602373  6.628730E-17
5649.7171427807  7.982900E-17
5655.23977953767  7.251904E-17
5660.76241629464  5.843583E-17
5666.28505305161  7.186083E-17
5671.80768980858  7.318260E-17
5677.33032656556  7.043806E-17
5682.85296332253  7.050275E-17
5688.3756000795  7.184526E-17
5693.89823683647  6.490589E-17
5699.42087359344  6.568776E-17
5704.94351035041  7.071049E-17
5710.46614710739  7.271887E-17
5715.98878386436  6.373725E-17
5721.51142062133  6.732142E-17
5727.0340573783  6.295060E-17
5732.55669413527  6.920571E-17
5738.07933089224  7.832687E-17
5743.60196764922  6.753101E-17
5749.12460440619  6.723988E-17
5754.64724116316  6.165589E-17
5760.16987792013  7.057902E-17
5765.6925146771  7.022750E-17
5771.21515143407  7.188370E-17
5776.73778819105  6.434799E-17
5782.26042494802  5.741817E-17
5787.78306170499  6.823026E-17
5793.30569846196  7.429046E-17
5798.82833521893  7.367465E-17
5804.3509719759  6.512890E-17
5809.87360873287  5.886420E-17
5815.39624548985  6.507849E-17
5820.91888224682  7.338752E-17
5826.44151900379  6.958922E-17
5831.96415576076  6.462420E-17
5837.48679251773  6.606468E-17
5843.0094292747  6.486005E-17
5848.53206603168  6.383520E-17
5854.05470278865  6.476460E-17
5859.57733954562  6.472825E-17
5865.09997630259  6.603900E-17
5870.62261305956  7.113783E-17
5876.14524981653  7.693055E-17
5881.66788657351  6.883090E-17
5887.19052333048  5.688900E-17
5892.71316008745  5.915724E-17
5898.23579684442  6.315953E-17
5903.75843360139  6.117181E-17
5909.28107035836  6.557581E-17
5914.80370711534  7.797335E-17
5920.32634387231  6.609923E-17
5925.84898062928  5.687116E-17
5931.37161738625  6.688893E-17
5936.89425414322  7.353792E-17
5942.41689090019  6.662653E-17
5947.93952765717  6.043131E-17
5953.46216441414  7.182967E-17
5958.98480117111  7.036086E-17
5964.50743792808  6.410472E-17
5970.03007468505  6.152222E-17
5975.55271144202  5.195105E-17
5981.07534819899  5.593744E-17
5986.59798495597  6.257421E-17
5992.12062171294  6.583505E-17
5997.64325846991  6.790328E-17
6003.16589522688  7.226035E-17
6008.68853198385  7.486549E-17
6014.21116874082  7.391204E-17
6019.7338054978  6.140247E-17
6025.25644225477  7.552651E-17
6030.77907901174  7.659913E-17
6036.30171576871  5.523387E-17
6041.82435252568  6.738538E-17
6047.34698928265  5.738984E-17
6052.86962603963  5.127055E-17
6058.3922627966  5.524314E-17
6063.91489955357  7.050706E-17
6069.43753631054  6.923642E-17
6074.96017306751  6.824091E-17
6080.48280982448  7.181585E-17
6086.00544658146  6.906215E-17
6091.52808333843  6.600353E-17
6097.0507200954  6.220190E-17
6102.57335685237  6.054163E-17
6108.09599360934  6.819493E-17
6113.61863036631  5.940250E-17
6119.14126712329  6.128575E-17
6124.66390388026  6.819909E-17
6130.18654063723  6.433296E-17
6135.7091773942  5.728811E-17
6141.23181415117  5.373663E-17
6146.75445090814  5.993027E-17
6152.27708766512  5.515371E-17
6157.79972442209  6.122841E-17
6163.32236117906  6.746419E-17
6168.84499793603  6.583020E-17
6174.367634693  6.786840E-17
6179.89027144997  6.346764E-17
6185.41290820695  6.283662E-17
6190.93554496392  6.425856E-17
6196.45818172089  6.271081E-17
6201.98081847786  6.318824E-17
6207.50345523483  6.433187E-17
6213.0260919918  5.796125E-17
6218.54872874877  4.783400E-17
6224.07136550575  5.315478E-17
6229.59400226272  5.864679E-17
6235.11663901969  5.737748E-17
6240.63927577666  6.431107E-17
6246.16191253363  6.573678E-17
6251.6845492906  6.117288E-17
6257.20718604758  6.071059E-17
6262.72982280455  5.884182E-17
6268.25245956152  5.862300E-17
6273.77509631849  5.696569E-17
6279.29773307546  5.343601E-17
6284.82036983243  5.679944E-17
6290.34300658941  5.005919E-17
6295.86564334638  4.876006E-17
6301.38828010335  6.123615E-17
6306.91091686032  5.826347E-17
6312.43355361729  6.224207E-17
6317.95619037426  5.385943E-17
6323.47882713124  4.726876E-17
6329.00146388821  5.267145E-17
6334.52410064518  6.482777E-17
6340.04673740215  4.873922E-17
6345.56937415912  4.750742E-17
6351.09201091609  5.053445E-17
6356.61464767307  5.687270E-17
6362.13728443004  5.447197E-17
6367.65992118701  4.425713E-17
6373.18255794398  5.344542E-17
6378.70519470095  5.007769E-17
6384.22783145792  5.935436E-17
6389.7504682149  5.033351E-17
6395.27310497187  4.625202E-17
6400.79574172884  4.372686E-17
6406.31837848581  5.107466E-17
6411.84101524278  5.002072E-17
6417.36365199975  5.089535E-17
6422.88628875672  4.851293E-17
6428.4089255137  5.534325E-17
6433.93156227067  5.200360E-17
6439.45419902764  5.366406E-17
6444.97683578461  5.746579E-17
6450.49947254158  4.532855E-17
6456.02210929855  4.603110E-17
6461.54474605553  4.407714E-17
6467.0673828125  4.246167E-17
6472.59001956947  4.765361E-17
6478.11265632644  4.251842E-17
6483.63529308341  3.936376E-17
6489.15792984038  3.710004E-17
6494.68056659736  4.003140E-17
6500.20320335433  3.594513E-17
6505.7258401113  3.089816E-17
6511.24847686827  3.024175E-17
6516.77111362524  3.224331E-17
6522.29375038221  4.133549E-17
6527.81638713919  4.442479E-17
6533.33902389616  3.675780E-17
6538.86166065313  4.681915E-17
6544.3842974101  5.532434E-17
6549.90693416707  4.624973E-17
6555.42957092404  5.086705E-17
6560.95220768102  4.917245E-17
6566.47484443799  5.382803E-17
6571.99748119496  5.996781E-17
6577.52011795193  5.563145E-17
6583.0427547089  5.843798E-17
6588.56539146587  7.650285E-17
6594.08802822285  8.249333E-17
6599.61066497982  7.576826E-17
6605.13330173679  7.368647E-17
6610.65593849376  7.996890E-17
6616.17857525073  8.213801E-17
6621.7012120077  7.967844E-17
6627.22384876467  8.773418E-17
6632.74648552165  9.750538E-17
6638.26912227862  9.691724E-17
6643.79175903559  9.553252E-17
6649.31439579256  9.843279E-17
6654.83703254953  9.235787E-17
6660.3596693065  9.342777E-17
6665.88230606348  9.386220E-17
6671.40494282045  9.336967E-17
6676.92757957742  9.272683E-17
6682.45021633439  9.612495E-17
6687.97285309136  1.000719E-16
6693.49548984833  9.818780E-17
6699.01812660531  9.983464E-17
6704.54076336228  9.263671E-17
6710.06340011925  9.684546E-17
6715.58603687622  1.010359E-16
6721.10867363319  9.421380E-17
6726.63131039016  8.789006E-17
6732.15394714714  9.640606E-17
6737.67658390411  1.105142E-16
6743.19922066108  1.162766E-16
6748.72185741805  8.609046E-17
6754.24449417502  9.898871E-17
6759.76713093199  9.111793E-17
6765.28976768897  9.104367E-17
6770.81240444594  8.614115E-17
6776.33504120291  7.601300E-17
6781.85767795988  7.736440E-17
6787.38031471685  8.072679E-17
6792.90295147382  9.105606E-17
6798.4255882308  7.624603E-17
6803.94822498777  7.215481E-17
6809.47086174474  7.196853E-17
6814.99349850171  7.160039E-17
6820.51613525868  8.307722E-17
6826.03877201565  7.075434E-17
6831.56140877262  6.184567E-17
6837.0840455296  6.132444E-17
6842.60668228657  7.215629E-17
6848.12931904354  7.274480E-17
6853.65195580051  6.497228E-17
6859.17459255748  5.791223E-17
6864.69722931445  5.370266E-17
6870.21986607143  6.190912E-17
6875.7425028284  6.008115E-17
6881.26513958537  5.824336E-17
6886.78777634234  6.569649E-17
6892.31041309931  6.003478E-17
6897.83304985628  5.412056E-17
6903.35568661326  5.523743E-17
6908.87832337023  5.281755E-17
6914.4009601272  5.186357E-17
6919.92359688417  6.531603E-17
6925.44623364114  6.601472E-17
6930.96887039811  4.918633E-17
6936.49150715509  5.834687E-17
6942.01414391206  5.139937E-17
6947.53678066903  4.620278E-17
6953.059417426  4.657269E-17
6958.58205418297  4.191448E-17
6964.10469093994  5.904816E-17
6969.62732769692  4.381614E-17
6975.14996445389  5.032294E-17
6980.67260121086  5.288118E-17
6986.19523796783  5.055110E-17
6991.7178747248  5.083065E-17
6997.24051148177  5.211336E-17
7002.76314823875  4.660010E-17
7008.28578499572  4.603073E-17
7013.80842175269  5.301290E-17
7019.33105850966  5.143462E-17
7024.85369526663  4.901747E-17
7030.3763320236  4.726932E-17
7035.89896878057  4.833979E-17
7041.42160553755  4.914394E-17
7046.94424229452  4.521562E-17
7052.46687905149  4.079721E-17
7057.98951580846  4.195858E-17
7063.51215256543  4.711857E-17
7069.0347893224  4.279965E-17
7074.55742607938  4.121797E-17
7080.08006283635  4.485477E-17
7085.60269959332  3.819605E-17
7091.12533635029  3.654836E-17
7096.64797310726  3.903256E-17
7102.17060986423  4.705876E-17
7107.69324662121  4.379734E-17
7113.21588337818  4.389206E-17
7118.73852013515  4.093344E-17
7124.26115689212  3.907455E-17
7129.78379364909  4.809934E-17
7135.30643040606  4.684723E-17
7140.82906716304  4.139289E-17
7146.35170392001  4.212615E-17
7151.87434067698  2.944688E-17
7157.39697743395  3.072234E-17
7162.91961419092  3.679686E-17
7168.44225094789  3.173332E-17
7173.96488770487  3.304003E-17
7179.48752446184  3.840454E-17
7185.01016121881  3.861067E-17
7190.53279797578  3.267509E-17
7196.05543473275  3.858056E-17
7201.57807148972  2.814643E-17
7207.1007082467  2.863950E-17
7212.62334500367  4.269654E-17
7218.14598176064  3.712973E-17
7223.66861851761  3.667428E-17
7229.19125527458  4.721381E-17
7234.71389203155  3.810445E-17
7240.23652878852  2.543713E-17
7245.75916554549  3.670551E-17
7251.28180230247  4.090114E-17
7256.80443905944  3.080654E-17
7262.32707581641  3.706120E-17
7267.84971257338  4.636921E-17
7273.37234933035  4.335144E-17
7278.89498608733  4.218956E-17
7284.4176228443  2.872088E-17
7289.94025960127  3.467746E-17
7295.46289635824  3.323061E-17
7300.98553311521  3.484565E-17
7306.50816987218  5.104520E-17
7312.03080662916  4.395141E-17
7317.55344338613  4.407455E-17
7323.0760801431  3.417966E-17
7328.59871690007  3.038554E-17
7334.12135365704  3.186928E-17
7339.64399041401  3.739979E-17
7345.16662717099  3.099242E-17
7350.68926392796  2.921847E-17
7356.21190068493  3.038157E-17
7361.7345374419  3.447109E-17
7367.25717419887  2.649365E-17
7372.77981095584  3.175786E-17
7378.30244771282  4.198573E-17
7383.82508446979  4.287108E-17
7389.34772122676  3.975505E-17
7394.87035798373  4.199627E-17
7400.3929947407  5.026295E-17
7405.91563149767  4.783629E-17
7411.43826825465  4.233528E-17
7416.96090501162  4.321963E-17
7422.48354176859  4.722795E-17
7428.00617852556  4.125416E-17
7433.52881528253  4.138331E-17
7439.0514520395  4.066254E-17
7444.57408879647  4.139038E-17
7450.09672555345  4.221975E-17
7455.61936231042  2.941556E-17
7461.14199906739  2.449837E-17
7466.66463582436  2.037451E-17
7472.18727258133  3.027179E-17
7477.7099093383  3.997500E-17
7483.23254609528  3.536300E-17
7488.75518285225  3.274612E-17
7494.27781960922  2.737476E-17
7499.80045636619  3.268354E-17
7505.32309312316  4.322602E-17
7510.84572988013  4.786195E-17
7516.36836663711  2.881861E-17
7521.89100339408  3.006487E-17
7527.41364015105  3.521163E-17
7532.93627690802  3.810318E-17
7538.45891366499  4.347296E-17
7543.98155042196  4.072160E-17
7549.50418717894  3.824975E-17
7555.02682393591  3.342067E-17
7560.54946069288  2.632567E-17
7566.07209744985  2.962725E-17
7571.59473420682  3.825435E-17
7577.11737096379  4.569871E-17
7582.64000772077  4.536247E-17
7588.16264447774  3.422587E-17
7593.68528123471  4.300586E-17
7599.20791799168  3.941307E-17
7604.73055474865  1.433006E-17
7610.25319150562  4.258418E-17
7615.77582826259  5.128997E-17
7621.29846501957  2.818443E-17
7626.82110177654  2.577708E-17
7632.34373853351  4.064477E-17
7637.86637529048  1.740857E-17
7643.38901204745  2.637185E-17
7648.91164880442  2.667713E-17
7654.4342855614  4.687484E-17
7659.95692231837  3.365231E-17
7665.47955907534  3.289368E-17
7671.00219583231  3.075277E-17
7676.52483258928  2.925196E-17
7682.04746934625  3.800756E-17
7687.57010610323  3.797749E-17
7693.0927428602  2.561246E-17
7698.61537961717  2.520852E-17
7704.13801637414  3.646971E-17
7709.66065313111  4.381161E-17
7715.18328988808  3.919002E-17
7720.70592664506  2.862470E-17
7726.22856340203  2.524812E-17
7731.751200159  3.303489E-17
7737.27383691597  3.962636E-17
7742.79647367294  2.673235E-17
7748.31911042991  2.174593E-17
7753.84174718688  3.136262E-17
7759.36438394386  4.200581E-17
7764.88702070083  3.251590E-17
7770.4096574578  2.129946E-17
7775.93229421477  3.888346E-17
7781.45493097174  3.425144E-17
7786.97756772872  3.104098E-17
7792.50020448568  3.184559E-17
7798.02284124266  2.472117E-17
7803.54547799963  2.385016E-17
7809.0681147566  1.718021E-17
7814.59075151357  1.875099E-17
7820.11338827055  3.345267E-17
7825.63602502752  3.911383E-17
7831.15866178449  3.346246E-17
7836.68129854146  2.874027E-17
7842.20393529843  2.409480E-17
7847.7265720554  2.027998E-17
7853.24920881237  2.384326E-17
7858.77184556935  3.928632E-17
7864.29448232632  4.609575E-17
7869.81711908329  4.640279E-17
7875.33975584026  4.394041E-17
7880.86239259723  3.032744E-17
7886.3850293542  2.962226E-17
7891.90766611118  2.717317E-17
7897.43030286815  2.514576E-17
7902.95293962512  3.419164E-17
7908.47557638209  2.805249E-17
7913.99821313906  2.584854E-17
7919.52084989603  3.920604E-17
7925.043486653  2.808585E-17
7930.56612340997  1.640165E-17
7936.08876016695  2.772832E-17
7941.61139692392  2.097315E-17
7947.13403368089  2.677412E-17
7952.65667043786  3.801497E-17
7958.17930719484  3.671354E-17
7963.70194395181  3.815705E-17
7969.22458070878  4.267656E-17
7974.74721746575  3.167646E-17
7980.26985422272  2.898196E-17
7985.79249097969  3.045426E-17
7991.31512773667  3.092703E-17
7996.83776449364  2.388295E-17
8002.36040125061  3.320279E-17
8007.88303800758  3.870579E-17
8013.40567476455  2.984564E-17
8018.92831152152  3.181798E-17
8024.45094827849  2.974035E-17
8029.97358503547  2.041224E-17
8035.49622179244  1.962339E-17
8041.01885854941  2.614133E-17
8046.54149530638  3.184126E-17
8052.06413206335  3.963122E-17
8057.58676882032  3.626486E-17
8063.10940557729  3.194031E-17
8068.63204233427  2.763079E-17
8074.15467909124  2.959338E-17
8079.67731584821  3.595309E-17
8085.19995260518  4.281366E-17
8090.72258936215  3.386551E-17
8096.24522611913  4.018731E-17
8101.7678628761  3.872917E-17
8107.29049963307  4.657864E-17
8112.81313639004  4.101371E-17
8118.33577314701  2.205504E-17
8123.85840990398  1.953242E-17
8129.38104666095  2.237390E-17
8134.90368341793  2.967588E-17
8140.4263201749  4.078158E-17
8145.94895693187  3.364115E-17
8151.47159368884  2.639996E-17
8156.99423044581  2.140867E-17
8162.51686720278  1.854285E-17
8168.03950395976  2.916722E-17
8173.56214071673  3.110958E-17
8179.0847774737  3.248155E-17
8184.60741423067  3.036697E-17
8190.13005098764  2.348801E-17
8195.65268774461  3.194524E-17
8201.17532450159  2.456799E-17
8206.69796125856  3.650961E-17
8212.22059801553  2.963058E-17
8217.7432347725  3.674857E-17
8223.26587152947  4.788738E-17
8228.78850828644  1.088636E-17
8234.31114504342  2.840978E-17
8239.83378180039  4.339356E-17
8245.35641855736  3.378171E-17
8250.87905531433  3.877059E-17
8256.4016920713  3.643838E-17
8261.92432882827  3.321516E-17
8267.44696558525  3.576058E-17
8272.96960234222  3.442633E-17
8278.49223909919  3.306664E-17
8284.01487585616  1.487789E-17
8289.53751261313  2.918719E-17
8295.06014937011  2.398994E-17
8300.58278612707  3.411685E-17
8306.10542288405  3.378624E-17
8311.62805964102  2.454024E-17
8317.15069639799  2.936565E-17
8322.67333315496  2.201329E-17
8328.19596991193  3.453965E-17
8333.7186066689  2.998060E-17
8339.24124342587  1.201243E-17
8344.76388018285  1.918087E-17
8350.28651693982  4.076141E-17
8355.80915369679  3.619013E-17
8361.33179045376  3.516787E-17
8366.85442721073  2.937872E-17
8372.37706396771  1.982951E-17
8377.89970072468  4.439372E-17
8383.42233748165  3.284606E-17
8388.94497423862  3.569487E-17
8394.46761099559  2.297396E-17
8399.99024775256  1.481810E-17
8405.51288450954  2.606359E-17
8411.03552126651  3.295856E-17
8416.55815802348  1.866335E-17
8422.08079478045  2.531500E-17
8427.60343153742  3.359890E-17
8433.12606829439  3.544744E-17
8438.64870505136  3.427278E-17
8444.17134180834  3.173605E-17
8449.69397856531  3.795534E-17
8455.21661532228  4.236660E-17
8460.73925207925  3.829750E-17
8466.26188883622  3.528986E-17
8471.78452559319  2.505254E-17
8477.30716235017  3.170759E-17
8482.82979910714  5.064313E-17
8488.35243586411  3.845651E-17
8493.87507262108  2.880562E-17
8499.39770937805  1.783136E-17
8504.92034613503  2.935754E-17
8510.442982892  2.777627E-17
8515.96561964897  1.225648E-17
8521.48825640594  1.453184E-17
8527.01089316291  2.406668E-17
8532.53352991988  4.160310E-17
8538.05616667685  2.654410E-17
8543.57880343383  3.458382E-17
8549.1014401908  3.210968E-17
8554.62407694777  4.397644E-17
8560.14671370474  2.728907E-17
8565.66935046171  3.913127E-17
8571.19198721868  2.853374E-17
8576.71462397566  1.849429E-17
8582.23726073263  2.346207E-17
8587.7598974896  3.142686E-17
8593.28253424657  3.271552E-17
8598.80517100354  4.753648E-18
8604.32780776051  1.086567E-17
8609.85044451748  3.857759E-17
8615.37308127446  4.279944E-17
8620.89571803143  3.059122E-17
8626.4183547884  5.965309E-18
8631.94099154537  1.525597E-17
8637.46362830234  2.422390E-17
8642.98626505932  1.607437E-17
8648.50890181629  1.450110E-17
8654.03153857326  2.984866E-18
8659.55417533023  2.874794E-17
8665.0768120872  4.126335E-17
8670.59944884417  3.262026E-17
8676.12208560114  3.002377E-18
8681.64472235812  1.301922E-17
8687.16735911509  4.646735E-18
8692.68999587206  3.023116E-17
8698.21263262903  1.987871E-17
8703.735269386  9.464539E-18
8709.25790614297  2.466530E-17
8714.78054289995  4.158952E-17
8720.30317965692  1.363418E-17
8725.82581641389  2.250934E-17
8731.34845317086  2.735636E-17
8736.87108992783  2.963907E-17
8742.3937266848  2.871938E-17
8747.91636344177  3.468713E-17
8753.43900019875  3.632412E-17
8758.96163695572  2.163850E-17
8764.48427371269  2.391028E-17
8770.00691046966  3.790316E-17
8775.52954722663  2.489802E-17
8781.05218398361  8.125279E-18
8786.57482074058  1.941875E-17
8792.09745749755  1.492297E-17
8797.62009425452  1.815851E-17
8803.14273101149  -8.246854E-19
8808.66536776846  2.538872E-17
8814.18800452543  2.455004E-17
8819.71064128241  4.002661E-17
8825.23327803938  5.666229E-17
8830.75591479635  3.037096E-17
8836.27855155332  4.858225E-17
8841.80118831029  2.951558E-17
8847.32382506726  1.197274E-17
8852.84646182424  1.326030E-17
8858.36909858121  2.382410E-17
8863.89173533818  2.593538E-17
8869.41437209515  9.767259E-18
8874.93700885212  1.122736E-17
8880.45964560909  3.665304E-17
8885.98228236607  4.970288E-17
8891.50491912304  1.934628E-17
8897.02755588001  2.076395E-17
8902.55019263698  3.631225E-17
8908.07282939395  2.966080E-17
8913.59546615093  6.213428E-18
8919.1181029079  -3.657707E-18
8924.64073966487  3.417633E-17
8930.16337642184  1.753083E-17
8935.68601317881  3.041326E-17
8941.20864993578  3.839968E-17
8946.73128669275  4.733122E-17
8952.25392344973  2.700165E-17
8957.7765602067  -4.250863E-18
8963.29919696367  -4.083827E-18
8968.82183372064  -9.719106E-19
8974.34447047761  1.061243E-17
8979.86710723458  2.169910E-17
8985.38974399155  1.117854E-17
8990.91238074853  5.712437E-18
8996.4350175055  2.458265E-17
9001.95765426247  3.597113E-17
9007.48029101944  2.328398E-17
9013.00292777641  2.197335E-17
9018.52556453338  1.830470E-17
9024.04820129036  1.774815E-17
9029.57083804733  1.916056E-17
9035.0934748043  4.387899E-17
9040.61611156127  2.149705E-17
9046.13874831824  2.283006E-17
9051.66138507522  2.827943E-17
9057.18402183219  1.945473E-18
9062.70665858916  1.558605E-17
9068.22929534613  2.517843E-17
9073.7519321031  1.643811E-17
9079.27456886007  2.882072E-17
9084.79720561705  2.727378E-17
9090.31984237402  2.518296E-17
9095.84247913099  4.730109E-17
9101.36511588796  4.333544E-17
9106.88775264493  2.738035E-17
9112.4103894019  4.013419E-17
9117.93302615887  3.675183E-17
9123.45566291585  7.214236E-18
9128.97829967282  -3.487108E-18
9134.50093642979  2.188661E-17
9140.02357318676  1.815174E-17
9145.54620994373  3.359945E-18
9151.0688467007  2.112520E-17
9156.59148345767  2.756792E-17
9162.11412021465  2.025249E-17
9167.63675697162  1.760761E-17
9173.15939372859  2.884940E-17
9178.68203048556  5.287307E-17
9184.20466724253  4.924037E-17
9189.7273039995  3.743690E-17
9195.24994075648  6.461778E-18
9200.77257751345  1.397450E-17
9206.29521427042  2.147246E-17
9211.81785102739  9.765469E-18
9217.34048778436  9.807067E-18
9222.86312454133  7.136247E-18
9228.38576129831  1.143740E-17
9233.90839805528  4.617445E-17
9239.43103481225  3.735313E-17
9244.95367156922  3.659227E-17
9250.47630832619  1.168309E-17
9255.99894508316  2.534657E-17
9261.52158184014  2.204343E-17
9267.04421859711  2.142750E-17
9272.56685535408  1.753151E-17
9278.08949211105  1.715206E-17
9283.61212886802  1.537861E-17
9289.134765625  3.814986E-17
