3652.  3.135271E-16
3657.52620761222  3.585883E-16
3663.05241522444  3.173945E-16
3668.57862283666  3.055561E-16
3674.10483044888  3.481895E-16
3679.63103806109  3.392536E-16
3685.15724567331  2.810406E-16
3690.68345328553  3.289834E-16
3696.20966089775  3.122526E-16
3701.73586850997  2.597625E-16
3707.26207612219  3.196862E-16
3712.78828373441  2.658616E-16
3718.31449134662  2.729073E-16
3723.84069895884  3.048698E-16
3729.36690657106  2.961912E-16
3734.89311418328  2.825022E-16
3740.4193217955  3.182236E-16
3745.94552940772  3.212176E-16
3751.47173701994  3.179875E-16
3756.99794463216  3.268331E-16
3762.52415224437  3.647384E-16
3768.05035985659  3.632871E-16
3773.57656746881  3.399232E-16
3779.10277508103  3.028931E-16
3784.62898269325  3.006292E-16
3790.15519030547  3.496217E-16
3795.68139791769  3.326231E-16
3801.20760552991  3.318245E-16
3806.73381314212  3.472096E-16
3812.26002075434  3.289550E-16
3817.78622836656  2.839200E-16
3823.31243597878  2.852681E-16
3828.838643591  3.130999E-16
3834.36485120322  2.833975E-16
3839.89105881544  2.936015E-16
3845.41726642766  2.781304E-16
3850.94347403987  2.679899E-16
3856.46968165209  2.860883E-16
3861.99588926431  2.817787E-16
3867.52209687653  2.788205E-16
3873.04830448875  2.849932E-16
3878.57451210097  2.800419E-16
3884.10071971319  2.549995E-16
3889.6269273254  2.946236E-16
3895.15313493762  3.042706E-16
3900.67934254984  2.864368E-16
3906.20555016206  2.675030E-16
3911.73175777428  2.642072E-16
3917.2579653865  2.830673E-16
3922.78417299872  2.648316E-16
3928.31038061094  2.754710E-16
3933.83658822315  2.819082E-16
3939.36279583537  2.784750E-16
3944.88900344759  2.575424E-16
3950.41521105981  2.811849E-16
3955.94141867203  2.983546E-16
3961.46762628425  3.026878E-16
3966.99383389647  2.922809E-16
3972.52004150869  3.150627E-16
3978.0462491209  3.090205E-16
3983.57245673312  2.982119E-16
3989.09866434534  3.206776E-16
3994.62487195756  3.194347E-16
4000.15107956978  3.313602E-16
4005.677287182  3.174890E-16
4011.20349479422  3.033030E-16
4016.72970240644  2.969867E-16
4022.25591001865  2.955050E-16
4027.78211763087  3.060393E-16
4033.30832524309  3.008059E-16
4038.83453285531  2.854064E-16
4044.36074046753  3.088698E-16
4049.88694807975  2.946300E-16
4055.41315569197  2.863013E-16
4060.93936330418  2.768446E-16
4066.4655709164  2.695128E-16
4071.99177852862  2.660625E-16
4077.51798614084  2.592358E-16
4083.04419375306  2.652328E-16
4088.57040136528  2.600807E-16
4094.0966089775  2.476728E-16
4099.62281658972  2.567493E-16
4105.14902420194  2.621828E-16
4110.67523181415  2.798689E-16
4116.20143942637  2.696149E-16
4121.72764703859  2.996276E-16
4127.25385465081  3.045524E-16
4132.78006226303  2.830482E-16
4138.30626987525  2.897585E-16
4143.83247748747  2.912095E-16
4149.35868509968  2.781486E-16
4154.8848927119  2.843386E-16
4160.41110032412  2.866523E-16
4165.93730793634  3.067896E-16
4171.46351554856  3.030846E-16
4176.98972316078  2.970743E-16
4182.515930773  3.090403E-16
4188.04213838522  2.918671E-16
4193.56834599743  2.814926E-16
4199.09455360965  2.940808E-16
4204.62076122187  2.683454E-16
4210.14696883409  2.646780E-16
4215.67317644631  2.680749E-16
4221.19938405853  2.821000E-16
4226.72559167075  2.649827E-16
4232.25179928297  2.807846E-16
4237.77800689518  2.406605E-16
4243.3042145074  2.352471E-16
4248.83042211962  2.501286E-16
4254.35662973184  2.305472E-16
4259.88283734406  2.368903E-16
4265.40904495628  2.375571E-16
4270.9352525685  2.258629E-16
4276.46146018071  2.309182E-16
4281.98766779294  2.099552E-16
4287.51387540515  2.149545E-16
4293.04008301737  2.071158E-16
4298.56629062959  1.979742E-16
4304.09249824181  2.069757E-16
4309.61870585403  2.115979E-16
4315.14491346625  2.133239E-16
4320.67112107847  1.963759E-16
4326.19732869068  2.096602E-16
4331.7235363029  2.272307E-16
4337.24974391512  2.146785E-16
4342.77595152734  2.340628E-16
4348.30215913956  2.526391E-16
4353.82836675178  2.576389E-16
4359.354574364  2.560678E-16
4364.88078197622  2.547457E-16
4370.40698958843  2.625020E-16
4375.93319720065  2.470643E-16
4381.45940481287  2.693829E-16
4386.98561242509  2.822637E-16
4392.51182003731  2.559731E-16
4398.03802764953  2.694413E-16
4403.56423526175  2.861520E-16
4409.09044287397  2.857455E-16
4414.61665048618  2.881448E-16
4420.1428580984  2.996567E-16
4425.66906571062  3.052822E-16
4431.19527332284  2.720509E-16
4436.72148093506  2.670964E-16
4442.24768854728  2.738958E-16
4447.7738961595  2.470827E-16
4453.30010377171  2.454871E-16
4458.82631138393  2.612243E-16
4464.35251899615  2.468656E-16
4469.87872660837  2.412085E-16
4475.40493422059  2.424975E-16
4480.93114183281  2.728274E-16
4486.45734944503  2.665387E-16
4491.98355705725  2.335848E-16
4497.50976466946  2.571324E-16
4503.03597228168  2.427891E-16
4508.5621798939  2.484938E-16
4514.08838750612  2.606403E-16
4519.61459511834  2.345213E-16
4525.14080273056  2.378006E-16
4530.66701034278  2.476046E-16
4536.193217955  2.139711E-16
4541.71942556721  2.133265E-16
4547.24563317943  2.366741E-16
4552.77184079165  2.186885E-16
4558.29804840387  2.290416E-16
4563.82425601609  2.164854E-16
4569.35046362831  2.158255E-16
4574.87667124053  2.049408E-16
4580.40287885274  2.183000E-16
4585.92908646496  2.227224E-16
4591.45529407718  2.257452E-16
4596.9815016894  2.152384E-16
4602.50770930162  2.124840E-16
4608.03391691384  2.290221E-16
4613.56012452606  2.345279E-16
4619.08633213828  2.197082E-16
4624.6125397505  2.211000E-16
4630.13874736271  2.307731E-16
4635.66495497493  1.996411E-16
4641.19116258715  2.172051E-16
4646.71737019937  2.125726E-16
4652.24357781159  2.162615E-16
4657.76978542381  2.171550E-16
4663.29599303603  2.041257E-16
4668.82220064824  2.297982E-16
4674.34840826046  2.070595E-16
4679.87461587268  1.964794E-16
4685.4008234849  1.917263E-16
4690.92703109712  1.964173E-16
4696.45323870934  2.066259E-16
4701.97944632156  1.964865E-16
4707.50565393378  2.107063E-16
4713.03186154599  2.106135E-16
4718.55806915821  1.841073E-16
4724.08427677043  1.878836E-16
4729.61048438265  2.151926E-16
4735.13669199487  2.053320E-16
4740.66289960709  1.967585E-16
4746.18910721931  2.085765E-16
4751.71531483152  2.005202E-16
4757.24152244374  1.699836E-16
4762.76773005596  1.883948E-16
4768.29393766818  1.992548E-16
4773.8201452804  1.681611E-16
4779.34635289262  1.610653E-16
4784.87256050484  1.750220E-16
4790.39876811706  1.622776E-16
4795.92497572927  1.548049E-16
4801.45118334149  1.404341E-16
4806.97739095371  1.565811E-16
4812.50359856593  1.588313E-16
4818.02980617815  1.633824E-16
4823.55601379037  1.465717E-16
4829.08222140259  1.457282E-16
4834.6084290148  1.574935E-16
4840.13463662703  1.642398E-16
4845.66084423924  1.721101E-16
4851.18705185146  2.007215E-16
4856.71325946368  1.976194E-16
4862.2394670759  2.190372E-16
4867.76567468812  2.211439E-16
4873.29188230034  2.119478E-16
4878.81808991255  2.230741E-16
4884.34429752478  2.133291E-16
4889.87050513699  2.274098E-16
4895.39671274921  2.542905E-16
4900.92292036143  2.699786E-16
4906.44912797365  2.875506E-16
4911.97533558587  2.785687E-16
4917.50154319809  2.670554E-16
4923.02775081031  2.640370E-16
4928.55395842252  2.688500E-16
4934.08016603474  2.428574E-16
4939.60637364696  2.496559E-16
4945.13258125918  2.609950E-16
4950.6587888714  2.547494E-16
4956.18499648362  2.764410E-16
4961.71120409584  2.615533E-16
4967.23741170806  2.738522E-16
4972.76361932027  2.717196E-16
4978.28982693249  2.336958E-16
4983.81603454471  2.403522E-16
4989.34224215693  2.290022E-16
4994.86844976915  2.277104E-16
5000.39465738137  2.228093E-16
5005.92086499359  2.435275E-16
5011.4470726058  2.394120E-16
5016.97328021802  2.259487E-16
5022.49948783024  2.213093E-16
5028.02569544246  2.057824E-16
5033.55190305468  2.137541E-16
5039.0781106669  2.212692E-16
5044.60431827912  2.246052E-16
5050.13052589134  2.213640E-16
5055.65673350356  2.095091E-16
5061.18294111577  2.097181E-16
5066.70914872799  2.045648E-16
5072.23535634021  2.091854E-16
5077.76156395243  2.067455E-16
5083.28777156465  1.912330E-16
5088.81397917687  2.036346E-16
5094.34018678908  2.138098E-16
5099.86639440131  2.140806E-16
5105.39260201352  2.248159E-16
5110.91880962574  2.364396E-16
5116.44501723796  2.237541E-16
5121.97122485018  2.178594E-16
5127.4974324624  2.030033E-16
5133.02364007462  1.784928E-16
5138.54984768684  1.878614E-16
5144.07605529905  1.938277E-16
5149.60226291127  1.999839E-16
5155.12847052349  1.795587E-16
5160.65467813571  1.975221E-16
5166.18088574793  1.828513E-16
5171.70709336015  1.782647E-16
5177.23330097237  1.820914E-16
5182.75950858459  2.016118E-16
5188.2857161968  1.799986E-16
5193.81192380902  1.784213E-16
5199.33813142124  1.742231E-16
5204.86433903346  1.822641E-16
5210.39054664568  1.644218E-16
5215.9167542579  1.642609E-16
5221.44296187012  1.723905E-16
5226.96916948234  1.768394E-16
5232.49537709455  1.885054E-16
5238.02158470677  1.819136E-16
5243.54779231899  1.723880E-16
5249.07399993121  1.753419E-16
5254.60020754343  1.604384E-16
5260.12641515565  1.671699E-16
5265.65262276787  1.631688E-16
5271.17883038008  1.672796E-16
5276.7050379923  1.832568E-16
5282.23124560452  1.827950E-16
5287.75745321674  1.710869E-16
5293.28366082896  1.520624E-16
5298.80986844118  1.625850E-16
5304.3360760534  1.744927E-16
5309.86228366562  1.652336E-16
5315.38849127783  1.605100E-16
5320.91469889005  1.598967E-16
5326.44090650227  1.608067E-16
5331.96711411449  1.516015E-16
5337.49332172671  1.451149E-16
5343.01952933893  1.515463E-16
5348.54573695115  1.620817E-16
5354.07194456337  1.743295E-16
5359.59815217558  1.594922E-16
5365.1243597878  1.497940E-16
5370.65056740002  1.548993E-16
5376.17677501224  1.430252E-16
5381.70298262446  1.504700E-16
5387.22919023668  1.505921E-16
5392.7553978489  1.422194E-16
5398.28160546112  1.488751E-16
5403.80781307333  1.595408E-16
5409.33402068555  1.427179E-16
5414.86022829777  1.480913E-16
5420.38643590999  1.689926E-16
5425.91264352221  1.440411E-16
5431.43885113443  1.426225E-16
5436.96505874665  1.464888E-16
5442.49126635886  1.375578E-16
5448.01747397108  1.353162E-16
5453.5436815833  1.471876E-16
5459.06988919552  1.548092E-16
5464.59609680774  1.495916E-16
5470.12230441996  1.498015E-16
5475.64851203218  1.511927E-16
5481.1747196444  1.402689E-16
5486.70092725662  1.412910E-16
5492.22713486883  1.468218E-16
5497.75334248105  1.342784E-16
5503.27955009327  1.297260E-16
5508.80575770549  1.371759E-16
5514.33196531771  1.362094E-16
5519.85817292993  1.397640E-16
5525.38438054215  1.411813E-16
5530.91058815436  1.368484E-16
5536.43679576658  1.318803E-16
5541.9630033788  1.290442E-16
5547.48921099102  1.289766E-16
5553.01541860324  1.421482E-16
5558.54162621546  1.356558E-16
5564.06783382768  1.438269E-16
5569.5940414399  1.536221E-16
5575.12024905211  1.408551E-16
5580.64645666433  1.384198E-16
5586.17266427655  1.399302E-16
5591.69887188877  1.322940E-16
5597.22507950099  1.404251E-16
5602.75128711321  1.508497E-16
5608.27749472543  1.294262E-16
5613.80370233765  1.418191E-16
5619.32990994986  1.483751E-16
5624.85611756208  1.186541E-16
5630.3823251743  1.205479E-16
5635.90853278652  1.417231E-16
5641.43474039874  1.393608E-16
5646.96094801096  1.353870E-16
5652.48715562318  1.333972E-16
5658.0133632354  1.347747E-16
5663.53957084761  1.354363E-16
5669.06577845983  1.237428E-16
5674.59198607205  1.340204E-16
5680.11819368427  1.428878E-16
5685.64440129649  1.298383E-16
5691.17060890871  1.161466E-16
5696.69681652093  1.312342E-16
5702.22302413314  1.337167E-16
5707.74923174536  1.194286E-16
5713.27543935758  1.238179E-16
5718.8016469698  1.370675E-16
5724.32785458202  1.405613E-16
5729.85406219424  1.208064E-16
5735.38026980646  1.262403E-16
5740.90647741868  1.398073E-16
5746.43268503089  1.426872E-16
5751.95889264311  1.299859E-16
5757.48510025533  1.237623E-16
5763.01130786755  1.290278E-16
5768.53751547977  1.327049E-16
5774.06372309199  1.112428E-16
5779.58993070421  1.134578E-16
5785.11613831643  1.127364E-16
5790.64234592864  1.172811E-16
5796.16855354086  1.223599E-16
5801.69476115308  1.294528E-16
5807.2209687653  1.152061E-16
5812.74717637752  1.324948E-16
5818.27338398974  1.242178E-16
5823.79959160196  1.114269E-16
5829.32579921418  1.209657E-16
5834.85200682639  1.371075E-16
5840.37821443861  1.196712E-16
5845.90442205083  1.167397E-16
5851.43062966305  1.391552E-16
5856.95683727527  1.226013E-16
5862.48304488749  1.376263E-16
5868.00925249971  1.258427E-16
5873.53546011193  1.167506E-16
5879.06166772414  1.195771E-16
5884.58787533636  1.234072E-16
5890.11408294858  1.390370E-16
5895.6402905608  1.338008E-16
5901.16649817302  1.211524E-16
5906.69270578524  1.241693E-16
5912.21891339746  1.316165E-16
5917.74512100968  1.269905E-16
5923.27132862189  1.350322E-16
5928.79753623411  1.372263E-16
5934.32374384633  1.310657E-16
5939.84995145855  1.430376E-16
5945.37615907077  1.478068E-16
5950.90236668299  1.251287E-16
5956.42857429521  1.462827E-16
5961.95478190742  1.370833E-16
5967.48098951964  1.378390E-16
5973.00719713186  1.442349E-16
5978.53340474408  1.388538E-16
5984.0596123563  1.363034E-16
5989.58581996852  1.316452E-16
5995.11202758074  1.365127E-16
6000.63823519296  1.249979E-16
6006.16444280517  1.251908E-16
6011.69065041739  1.298501E-16
6017.21685802961  1.261321E-16
6022.74306564183  1.246708E-16
6028.26927325405  1.359731E-16
6033.79548086627  1.178572E-16
6039.32168847849  1.375434E-16
6044.84789609071  1.306529E-16
6050.37410370292  1.334570E-16
6055.90031131514  1.150601E-16
6061.42651892736  1.242735E-16
6066.95272653958  1.268137E-16
6072.4789341518  1.272602E-16
6078.00514176402  1.345864E-16
6083.53134937624  1.071226E-16
6089.05755698846  1.091850E-16
6094.58376460067  1.260388E-16
6100.10997221289  1.085743E-16
6105.63617982511  1.259548E-16
6111.16238743733  1.245539E-16
6116.68859504955  9.998003E-17
6122.21480266177  1.157985E-16
6127.74101027399  1.176472E-16
6133.26721788621  1.229846E-16
6138.79342549842  1.249229E-16
6144.31963311064  1.087987E-16
6149.84584072286  1.158769E-16
6155.37204833508  1.189963E-16
6160.8982559473  1.199726E-16
6166.42446355952  1.033743E-16
6171.95067117174  9.942882E-17
6177.47687878395  1.053212E-16
6183.00308639617  1.080716E-16
6188.52929400839  1.117069E-16
6194.05550162061  1.290897E-16
6199.58170923283  1.233076E-16
6205.10791684505  1.006281E-16
6210.63412445727  1.108630E-16
6216.16033206949  1.139259E-16
6221.6865396817  1.276318E-16
6227.21274729392  1.310049E-16
6232.73895490614  1.197698E-16
6238.26516251836  1.186315E-16
6243.79137013058  1.202267E-16
6249.3175777428  1.177303E-16
6254.84378535502  1.054979E-16
6260.36999296723  1.048971E-16
6265.89620057945  1.177674E-16
6271.42240819167  1.068932E-16
6276.94861580389  1.044711E-16
6282.47482341611  1.162756E-16
6288.00103102833  1.150417E-16
6293.52723864055  1.150598E-16
6299.05344625277  9.916989E-17
6304.57965386499  1.088120E-16
6310.1058614772  1.039194E-16
6315.63206908942  1.069315E-16
6321.15827670164  1.094641E-16
6326.68448431386  9.729451E-17
6332.21069192608  1.070952E-16
6337.7368995383  1.115801E-16
6343.26310715052  9.491313E-17
6348.78931476274  9.917866E-17
6354.31552237495  9.252909E-17
6359.84172998717  1.015489E-16
6365.36793759939  1.093871E-16
6370.89414521161  9.554538E-17
6376.42035282383  1.091157E-16
6381.94656043605  9.827225E-17
6387.47276804827  9.514945E-17
6392.99897566048  1.082724E-16
6398.5251832727  9.167347E-17
6404.05139088492  1.058886E-16
6409.57759849714  1.104029E-16
6415.10380610936  1.035417E-16
6420.63001372158  1.009849E-16
6426.1562213338  1.110707E-16
6431.68242894601  1.050770E-16
6437.20863655824  9.350457E-17
6442.73484417045  1.084347E-16
6448.26105178267  8.416647E-17
6453.78725939489  8.292227E-17
6459.31346700711  1.119463E-16
6464.83967461933  1.003971E-16
6470.36588223155  8.574569E-17
6475.89208984377  8.931434E-17
6481.41829745598  7.811012E-17
6486.9445050682  6.889390E-17
6492.47071268042  9.244550E-17
6497.99692029264  1.055682E-16
6503.52312790486  8.662896E-17
6509.04933551708  7.761731E-17
6514.5755431293  1.010351E-16
6520.10175074152  9.994809E-17
6525.62795835373  9.756824E-17
6531.15416596595  1.147499E-16
6536.68037357817  1.223771E-16
6542.20658119039  1.252800E-16
6547.73278880261  1.397345E-16
6553.25899641483  1.271153E-16
6558.78520402705  1.277554E-16
6564.31141163927  1.361563E-16
6569.83761925148  1.417568E-16
6575.3638268637  1.616776E-16
6580.89003447592  1.605860E-16
6586.41624208814  1.470880E-16
6591.94244970036  1.671037E-16
6597.46865731258  1.725269E-16
6602.9948649248  1.663234E-16
6608.52107253702  1.750118E-16
6614.04728014923  1.794389E-16
6619.57348776145  1.819139E-16
6625.09969537367  1.760560E-16
6630.62590298589  1.894025E-16
6636.15211059811  1.942279E-16
6641.67831821033  1.669908E-16
6647.20452582255  1.796284E-16
6652.73073343476  1.733260E-16
6658.25694104698  1.714124E-16
6663.7831486592  1.765208E-16
6669.30935627142  1.769742E-16
6674.83556388364  1.878558E-16
6680.36177149586  1.798311E-16
6685.88797910808  1.936571E-16
6691.4141867203  2.110510E-16
6696.94039433252  2.146123E-16
6702.46660194473  2.145009E-16
6707.99280955695  2.079404E-16
6713.51901716917  1.717492E-16
6719.04522478139  1.792505E-16
6724.57143239361  1.710545E-16
6730.09764000583  1.683110E-16
6735.62384761804  1.629082E-16
6741.15005523026  1.405242E-16
6746.67626284248  1.518132E-16
6752.2024704547  1.589370E-16
6757.72867806692  1.606647E-16
6763.25488567914  1.385195E-16
6768.78109329136  1.352741E-16
6774.30730090358  1.444679E-16
6779.8335085158  1.334756E-16
6785.35971612801  1.330522E-16
6790.88592374023  1.286305E-16
6796.41213135245  1.290982E-16
6801.93833896467  1.313070E-16
6807.46454657689  1.241850E-16
6812.99075418911  1.175073E-16
6818.51696180133  1.128009E-16
6824.04316941354  1.266574E-16
6829.56937702576  1.148946E-16
6835.09558463798  1.039605E-16
6840.6217922502  1.152839E-16
6846.14799986242  1.334408E-16
6851.67420747464  1.124879E-16
6857.20041508686  1.018531E-16
6862.72662269908  1.322246E-16
6868.25283031129  1.335368E-16
6873.77903792351  1.066181E-16
6879.30524553573  1.128746E-16
6884.83145314795  9.941902E-17
6890.35766076017  9.687471E-17
6895.88386837239  9.920466E-17
6901.41007598461  9.471673E-17
6906.93628359683  7.939227E-17
6912.46249120904  9.972508E-17
6917.98869882126  9.340197E-17
6923.51490643348  7.854793E-17
6929.0411140457  1.031551E-16
6934.56732165792  1.059306E-16
6940.09352927014  7.921283E-17
6945.61973688236  8.871194E-17
6951.14594449458  9.346171E-17
6956.67215210679  9.857858E-17
6962.19835971901  9.992562E-17
6967.72456733123  8.911274E-17
6973.25077494345  9.496381E-17
6978.77698255567  9.457139E-17
6984.30319016789  8.636475E-17
6989.82939778011  1.011744E-16
6995.35560539232  1.056369E-16
7000.88181300455  8.942626E-17
7006.40802061676  9.220046E-17
7011.93422822898  9.223361E-17
7017.4604358412  8.394029E-17
7022.98664345342  9.252472E-17
7028.51285106564  8.491507E-17
7034.03905867786  7.514779E-17
7039.56526629007  8.567769E-17
7045.09147390229  8.209465E-17
7050.61768151451  7.809300E-17
7056.14388912673  9.192340E-17
7061.67009673895  9.170427E-17
7067.19630435117  8.692390E-17
7072.72251196339  7.044899E-17
7078.24871957561  9.782438E-17
7083.77492718782  9.241345E-17
7089.30113480004  9.435493E-17
7094.82734241226  8.204896E-17
7100.35355002448  7.928171E-17
7105.8797576367  9.273775E-17
7111.40596524892  8.933115E-17
7116.93217286114  7.489359E-17
7122.45838047336  8.436367E-17
7127.98458808557  1.016961E-16
7133.51079569779  9.296735E-17
7139.03700331001  8.411686E-17
7144.56321092223  8.911722E-17
7150.08941853445  7.836853E-17
7155.61562614667  8.602518E-17
7161.14183375889  9.165843E-17
7166.66804137111  7.704016E-17
7172.19424898332  7.478485E-17
7177.72045659554  7.635358E-17
7183.24666420776  9.330212E-17
7188.77287181998  8.555458E-17
7194.2990794322  7.144594E-17
7199.82528704442  7.552861E-17
7205.35149465664  6.658588E-17
7210.87770226885  7.954242E-17
7216.40390988107  7.743255E-17
7221.93011749329  7.111635E-17
7227.45632510551  8.480763E-17
7232.98253271773  8.076219E-17
7238.50874032995  8.564326E-17
7244.03494794217  8.854961E-17
7249.56115555439  7.109903E-17
7255.0873631666  9.554314E-17
7260.61357077882  6.903101E-17
7266.13977839104  7.320705E-17
7271.66598600326  7.760616E-17
7277.19219361548  8.826243E-17
7282.7184012277  8.633076E-17
7288.24460883992  9.079477E-17
7293.77081645214  9.541859E-17
7299.29702406435  8.883966E-17
7304.82323167657  7.186144E-17
7310.34943928879  8.176174E-17
7315.87564690101  7.645618E-17
7321.40185451323  6.193334E-17
7326.92806212545  6.380922E-17
7332.45426973767  6.267013E-17
7337.98047734989  6.693591E-17
7343.5066849621  8.327389E-17
7349.03289257432  9.100817E-17
7354.55910018654  7.286369E-17
7360.08530779876  6.505500E-17
7365.61151541098  7.423480E-17
7371.1377230232  7.574361E-17
7376.66393063542  9.547404E-17
7382.19013824764  7.345024E-17
7387.71634585985  5.955853E-17
7393.24255347207  8.548693E-17
7398.76876108429  6.246071E-17
7404.29496869651  7.416339E-17
7409.82117630873  7.622698E-17
7415.34738392095  6.654448E-17
7420.87359153317  7.764938E-17
7426.39979914538  7.811401E-17
7431.92600675761  7.855096E-17
7437.45221436982  8.360731E-17
7442.97842198204  6.093533E-17
7448.50462959426  6.624722E-17
7454.03083720648  9.055196E-17
7459.5570448187  8.777086E-17
7465.08325243092  9.185409E-17
7470.60946004313  8.681022E-17
7476.13566765535  8.132619E-17
7481.66187526757  7.601157E-17
7487.18808287979  6.933414E-17
7492.71429049201  8.203990E-17
7498.24049810423  6.754407E-17
7503.76670571645  7.238485E-17
7509.29291332867  9.745450E-17
7514.81912094088  7.361410E-17
7520.3453285531  6.835867E-17
7525.87153616532  7.729413E-17
7531.39774377754  8.300225E-17
7536.92395138976  6.624107E-17
7542.45015900198  6.546422E-17
7547.9763666142  5.996460E-17
7553.50257422642  6.931181E-17
7559.02878183863  9.357079E-17
7564.55498945085  8.986215E-17
7570.08119706307  8.463377E-17
7575.60740467529  7.355997E-17
7581.13361228751  5.021112E-17
7586.65981989973  6.978658E-17
7592.18602751195  8.324234E-17
7597.71223512417  8.409927E-17
7603.23844273638  7.253060E-17
7608.7646503486  7.980676E-17
7614.29085796082  6.370403E-17
7619.81706557304  5.997082E-17
7625.34327318526  6.596327E-17
7630.86948079748  8.662759E-17
7636.3956884097  5.965846E-17
7641.92189602192  4.846636E-17
7647.44810363413  8.703610E-17
7652.97431124635  6.940007E-17
7658.50051885857  7.262797E-17
7664.02672647079  7.875943E-17
7669.55293408301  7.788380E-17
7675.07914169523  5.724932E-17
7680.60534930745  6.649083E-17
7686.13155691966  5.961732E-17
7691.65776453188  5.301830E-17
7697.1839721441  6.964812E-17
7702.71017975632  7.547295E-17
7708.23638736854  6.563888E-17
7713.76259498076  9.283338E-17
7719.28880259298  7.649262E-17
7724.8150102052  9.239238E-17
7730.34121781741  9.846319E-17
7735.86742542963  8.859057E-17
7741.39363304185  8.030878E-17
7746.91984065407  7.420077E-17
7752.44604826629  7.237635E-17
7757.97225587851  6.647938E-17
7763.49846349073  6.451139E-17
7769.02467110295  6.645931E-17
7774.55087871516  7.901518E-17
7780.07708632738  6.062078E-17
7785.6032939396  7.073337E-17
7791.12950155182  7.588104E-17
7796.65570916404  7.354739E-17
7802.18191677626  8.059311E-17
7807.70812438848  6.994967E-17
7813.2343320007  5.507040E-17
7818.76053961291  5.637338E-17
7824.28674722513  6.884626E-17
7829.81295483735  6.870406E-17
7835.33916244957  5.486175E-17
7840.86537006179  6.204398E-17
7846.39157767401  7.026699E-17
7851.91778528623  6.823004E-17
7857.44399289844  6.847889E-17
7862.97020051066  5.916632E-17
7868.49640812288  7.994203E-17
7874.0226157351  7.189968E-17
7879.54882334732  7.640577E-17
7885.07503095954  7.140345E-17
7890.60123857176  6.850544E-17
7896.12744618398  5.392482E-17
7901.6536537962  5.401840E-17
7907.17986140841  8.541865E-17
7912.70606902063  8.562625E-17
7918.23227663285  6.588428E-17
7923.75848424507  6.788303E-17
7929.28469185729  6.586589E-17
7934.81089946951  6.927365E-17
7940.33710708173  7.376850E-17
7945.86331469395  7.842088E-17
7951.38952230616  7.751404E-17
7956.91572991838  7.413762E-17
7962.4419375306  6.535924E-17
7967.96814514282  6.291334E-17
7973.49435275504  7.183086E-17
7979.02056036726  7.523593E-17
7984.54676797948  7.564217E-17
7990.0729755917  7.043181E-17
7995.59918320391  5.406433E-17
8001.12539081613  4.479362E-17
8006.65159842835  5.091440E-17
8012.17780604057  6.061656E-17
8017.70401365279  6.030505E-17
8023.23022126501  6.372104E-17
8028.75642887723  7.139836E-17
8034.28263648944  6.471848E-17
8039.80884410166  7.392769E-17
8045.33505171388  6.694983E-17
8050.8612593261  5.039255E-17
8056.38746693832  8.160051E-17
8061.91367455054  7.115715E-17
8067.43988216276  6.385042E-17
8072.96608977498  6.207388E-17
8078.49229738719  4.717164E-17
8084.01850499941  5.636731E-17
8089.54471261163  7.010679E-17
8095.07092022385  6.469955E-17
8100.59712783607  4.033086E-17
8106.12333544829  4.960556E-17
8111.64954306051  6.071901E-17
8117.17575067273  4.692725E-17
8122.70195828494  7.011900E-17
8128.22816589716  7.352971E-17
8133.75437350938  6.116510E-17
8139.2805811216  4.446241E-17
8144.80678873382  4.233754E-17
8150.33299634604  4.934808E-17
8155.85920395825  5.794518E-17
8161.38541157048  7.428996E-17
8166.91161918269  5.413447E-17
8172.43782679491  6.503228E-17
8177.96403440713  6.754272E-17
8183.49024201935  4.813447E-17
8189.01644963157  4.625753E-17
8194.54265724379  7.670225E-17
8200.068864856  7.093976E-17
8205.59507246822  6.228464E-17
8211.12128008044  6.306412E-17
8216.64748769266  3.942398E-17
8222.17369530488  4.991462E-17
8227.6999029171  8.397045E-17
8233.22611052932  4.368409E-17
8238.75231814154  5.156499E-17
8244.27852575376  5.146853E-17
8249.80473336597  8.055238E-17
8255.33094097819  6.008802E-17
8260.85714859041  4.090703E-17
8266.38335620263  5.464943E-17
8271.90956381485  6.456602E-17
8277.43577142707  6.972119E-17
8282.96197903929  5.428194E-17
8288.4881866515  4.868058E-17
8294.01439426372  4.947282E-17
8299.54060187594  6.253839E-17
8305.06680948816  7.135707E-17
8310.59301710038  9.017435E-17
8316.1192247126  5.029674E-17
8321.64543232482  7.062070E-17
8327.17163993704  8.416621E-17
8332.69784754926  8.528677E-17
8338.22405516147  5.921889E-17
8343.75026277369  5.573968E-17
8349.27647038591  3.603390E-17
8354.80267799813  5.882185E-17
8360.32888561035  6.161931E-17
8365.85509322257  6.885538E-17
8371.38130083479  8.361339E-17
8376.907508447  8.537745E-17
8382.43371605922  6.244414E-17
8387.95992367144  4.186877E-17
8393.48613128366  6.827830E-17
8399.01233889588  7.737018E-17
8404.5385465081  8.380670E-17
8410.06475412032  6.516968E-17
8415.59096173254  4.426067E-17
8421.11716934475  7.774099E-17
8426.64337695697  6.624435E-17
8432.16958456919  7.841745E-17
8437.69579218141  7.121171E-17
8443.22199979363  4.344766E-17
8448.74820740585  6.477121E-17
8454.27441501807  6.116287E-17
8459.80062263028  4.325318E-17
8465.32683024251  7.522617E-17
8470.85303785472  7.699136E-17
8476.37924546694  7.370799E-17
8481.90545307916  3.658083E-17
8487.43166069138  5.120045E-17
8492.9578683036  5.766678E-17
8498.48407591582  3.962595E-17
8504.01028352804  4.385944E-17
8509.53649114025  4.357756E-17
8515.06269875247  4.172144E-17
8520.58890636469  5.220439E-17
8526.11511397691  7.595170E-17
8531.64132158913  3.899944E-17
8537.16752920135  6.292895E-17
8542.69373681357  4.321174E-17
8548.21994442579  5.441212E-17
8553.746152038  7.620771E-17
8559.27235965022  6.325465E-17
8564.79856726244  6.888119E-17
8570.32477487466  8.071620E-17
8575.85098248688  6.760271E-17
8581.3771900991  5.907022E-17
8586.90339771132  3.424279E-17
8592.42960532353  4.452859E-17
8597.95581293575  5.479066E-17
8603.48202054797  5.090790E-17
8609.00822816019  3.884987E-17
8614.53443577241  6.216422E-17
8620.06064338463  7.161118E-17
8625.58685099685  2.504386E-17
8631.11305860907  3.580790E-17
8636.63926622128  9.196559E-17
8642.1654738335  7.497045E-17
8647.69168144572  3.487564E-17
8653.21788905794  6.550043E-17
8658.74409667016  4.131370E-17
8664.27030428238  4.354272E-17
8669.7965118946  3.047841E-17
8675.32271950681  8.267550E-17
8680.84892711903  6.357109E-17
8686.37513473125  2.659455E-17
8691.90134234347  4.678377E-17
8697.42754995569  5.524119E-17
8702.95375756791  4.300141E-17
8708.47996518013  6.648083E-17
8714.00617279235  7.404653E-17
8719.53238040456  5.544676E-17
8725.05858801678  5.099841E-17
8730.584795629  3.877459E-17
8736.11100324122  5.784122E-17
8741.63721085344  6.024507E-17
8747.16341846566  4.618100E-17
8752.68962607788  5.235996E-17
8758.2158336901  5.863074E-17
8763.74204130231  3.638239E-17
8769.26824891453  3.361123E-17
8774.79445652675  2.538181E-17
8780.32066413897  4.451083E-17
8785.84687175119  7.707525E-17
8791.37307936341  6.653025E-17
8796.89928697563  8.183246E-17
8802.42549458785  6.539059E-17
8807.95170220006  5.053155E-17
8813.47790981228  2.967915E-17
8819.0041174245  5.827145E-17
8824.53032503672  4.663568E-17
8830.05653264894  4.111111E-17
8835.58274026116  4.812653E-17
8841.10894787338  3.398573E-17
8846.6351554856  2.457371E-17
8852.16136309781  5.711498E-17
8857.68757071003  4.106937E-17
8863.21377832225  3.891268E-17
8868.73998593447  6.434180E-17
8874.26619354669  7.470093E-17
8879.79240115891  6.624271E-17
8885.31860877113  5.421508E-17
8890.84481638335  4.215295E-17
8896.37102399557  3.069462E-17
8901.89723160778  7.788628E-17
8907.42343922  6.388129E-17
8912.94964683222  3.545534E-17
8918.47585444444  4.835161E-17
8924.00206205666  7.947889E-17
8929.52826966888  5.569801E-17
8935.05447728109  2.698119E-17
8940.58068489331  6.163809E-17
8946.10689250553  2.410298E-17
8951.63310011775  4.590400E-17
8957.15930772997  7.903795E-17
8962.68551534219  4.950643E-17
8968.21172295441  4.450408E-17
8973.73793056662  1.015861E-16
8979.26413817885  3.312950E-17
8984.79034579106  1.167350E-17
8990.31655340328  3.766078E-18
8995.8427610155  6.902578E-17
9001.36896862772  1.492219E-17
9006.89517623994  1.711932E-17
9012.42138385216  1.061697E-17
9017.94759146437  7.033960E-17
9023.47379907659  7.023539E-17
9029.00000668882  4.090209E-17
9034.52621430103  3.780739E-17
9040.05242191325  3.834029E-17
9045.57862952547  9.327117E-17
9051.10483713769  8.646533E-17
9056.6310447499  3.110373E-17
9062.15725236213  -6.138203E-18
9067.68345997434  7.474468E-17
9073.20966758656  6.455472E-17
9078.73587519878  1.230566E-17
9084.262082811  3.037786E-17
9089.78829042322  1.056554E-17
9095.31449803544  5.189413E-17
9100.84070564766  3.197409E-17
9106.36691325987  3.990528E-17
9111.89312087209  7.598616E-17
9117.41932848431  4.857642E-17
9122.94553609653  8.685434E-18
9128.47174370875  2.045434E-17
9133.99795132097  5.479330E-17
9139.52415893319  5.681528E-17
9145.05036654541  4.576574E-17
9150.57657415763  3.194198E-17
9156.10278176984  5.267378E-17
9161.62898938206  7.113590E-17
9167.15519699428  6.158462E-17
9172.6814046065  5.212244E-17
9178.20761221872  3.473745E-17
9183.73381983094  6.552585E-17
9189.26002744315  5.422239E-17
9194.78623505538  1.507467E-17
9200.31244266759  2.128715E-17
9205.83865027981  2.608260E-17
9211.36485789203  4.640522E-17
9216.89106550425  8.114128E-17
9222.41727311647  9.316525E-17
9227.94348072869  7.820778E-17
9233.46968834091  8.184835E-17
9238.99589595312  1.005715E-16
9244.52210356534  5.729999E-17
9250.04831117756  3.079101E-17
9255.57451878978  3.635806E-17
9261.100726402  1.995680E-17
9266.62693401422  7.266189E-17
9272.15314162644  7.476111E-17
9277.67934923866  6.011401E-17
9283.20555685087  3.119360E-17
9288.73176446309  2.698640E-17
9294.25797207531  6.114196E-17
9299.78417968753  9.316737E-17
