3640.  1.182302E-16
3645.52301419551  1.183230E-16
3651.04602839102  1.190892E-16
3656.56904258653  1.037525E-16
3662.09205678204  1.296903E-16
3667.61507097756  1.486135E-16
3673.13808517307  1.160675E-16
3678.66109936858  9.914341E-17
3684.18411356409  1.261671E-16
3689.7071277596  1.376028E-16
3695.23014195511  1.266701E-16
3700.75315615062  1.219632E-16
3706.27617034614  1.008011E-16
3711.79918454165  9.878043E-17
3717.32219873716  1.210275E-16
3722.84521293267  1.223561E-16
3728.36822712818  1.284387E-16
3733.89124132369  1.140425E-16
3739.4142555192  1.193414E-16
3744.93726971472  1.125961E-16
3750.46028391023  1.293078E-16
3755.98329810574  1.126933E-16
3761.50631230125  1.236327E-16
3767.02932649676  1.212306E-16
3772.55234069227  1.055544E-16
3778.07535488778  1.196304E-16
3783.59836908329  1.157439E-16
3789.12138327881  1.310801E-16
3794.64439747432  1.188687E-16
3800.16741166983  1.265442E-16
3805.69042586534  1.271562E-16
3811.21344006085  1.273892E-16
3816.73645425636  1.340485E-16
3822.25946845187  1.167581E-16
3827.78248264738  1.293535E-16
3833.3054968429  1.142184E-16
3838.82851103841  1.172936E-16
3844.35152523392  1.157345E-16
3849.87453942943  1.157700E-16
3855.39755362494  1.161628E-16
3860.92056782045  1.169992E-16
3866.44358201596  1.165450E-16
3871.96659621148  1.232644E-16
3877.48961040699  1.223037E-16
3883.0126246025  1.261565E-16
3888.53563879801  1.206996E-16
3894.05865299352  1.212847E-16
3899.58166718903  1.073523E-16
3905.10468138454  1.147496E-16
3910.62769558005  1.073088E-16
3916.15070977557  1.166209E-16
3921.67372397108  1.207741E-16
3927.19673816659  1.163855E-16
3932.7197523621  1.153901E-16
3938.24276655761  1.152650E-16
3943.76578075312  1.278589E-16
3949.28879494863  1.248538E-16
3954.81180914415  1.145921E-16
3960.33482333966  1.113915E-16
3965.85783753517  1.172587E-16
3971.38085173068  1.188272E-16
3976.90386592619  1.185079E-16
3982.4268801217  1.197771E-16
3987.94989431721  1.091238E-16
3993.47290851272  1.000852E-16
3998.99592270824  1.053810E-16
4004.51893690375  1.142527E-16
4010.04195109926  1.174198E-16
4015.56496529477  1.157469E-16
4021.08797949028  1.239049E-16
4026.61099368579  1.128777E-16
4032.1340078813  1.221057E-16
4037.65702207682  1.182299E-16
4043.18003627233  1.212002E-16
4048.70305046784  1.242259E-16
4054.22606466335  1.232569E-16
4059.74907885886  1.206584E-16
4065.27209305437  1.253848E-16
4070.79510724988  1.239932E-16
4076.3181214454  1.155289E-16
4081.84113564091  1.291576E-16
4087.36414983642  1.331114E-16
4092.88716403193  1.208266E-16
4098.41017822744  1.165969E-16
4103.93319242295  1.284341E-16
4109.45620661846  1.228460E-16
4114.97922081397  1.155906E-16
4120.50223500949  1.210452E-16
4126.025249205  1.243325E-16
4131.54826340051  1.172016E-16
4137.07127759602  1.144876E-16
4142.59429179153  1.236009E-16
4148.11730598704  1.051907E-16
4153.64032018255  1.021625E-16
4159.16333437806  1.045227E-16
4164.68634857358  1.030281E-16
4170.20936276909  1.173218E-16
4175.7323769646  1.148866E-16
4181.25539116011  1.210856E-16
4186.77840535562  1.190089E-16
4192.30141955113  1.224731E-16
4197.82443374664  1.180804E-16
4203.34744794215  1.264364E-16
4208.87046213767  1.333995E-16
4214.39347633318  1.275068E-16
4219.91649052869  1.367222E-16
4225.4395047242  1.305740E-16
4230.96251891971  1.172178E-16
4236.48553311522  1.237904E-16
4242.00854731073  1.244928E-16
4247.53156150624  1.307164E-16
4253.05457570176  1.284898E-16
4258.57758989727  1.173611E-16
4264.10060409278  1.231184E-16
4269.62361828829  1.181769E-16
4275.1466324838  1.272363E-16
4280.66964667931  1.186632E-16
4286.19266087482  1.117708E-16
4291.71567507033  1.160077E-16
4297.23868926585  1.119689E-16
4302.76170346136  1.120973E-16
4308.28471765687  1.082873E-16
4313.80773185238  1.054490E-16
4319.33074604789  1.077759E-16
4324.8537602434  9.846528E-17
4330.37677443892  1.008142E-16
4335.89978863443  1.007668E-16
4341.42280282994  9.713952E-17
4346.94581702545  1.017805E-16
4352.46883122096  9.987133E-17
4357.99184541647  9.666889E-17
4363.51485961198  9.674691E-17
4369.03787380749  9.593266E-17
4374.56088800301  9.263641E-17
4380.08390219852  8.893583E-17
4385.60691639403  9.085550E-17
4391.12993058954  8.856058E-17
4396.65294478505  9.498393E-17
4402.17595898056  1.006382E-16
4407.69897317607  1.008102E-16
4413.22198737158  1.074048E-16
4418.7450015671  1.087247E-16
4424.26801576261  1.120481E-16
4429.79102995812  1.175884E-16
4435.31404415363  1.183062E-16
4440.83705834914  1.195275E-16
4446.36007254465  1.243766E-16
4451.88308674016  1.197882E-16
4457.40610093568  1.205553E-16
4462.92911513119  1.215941E-16
4468.4521293267  1.236935E-16
4473.97514352221  1.262110E-16
4479.49815771772  1.192653E-16
4485.02117191323  1.204267E-16
4490.54418610874  1.208675E-16
4496.06720030426  1.198432E-16
4501.59021449977  1.229309E-16
4507.11322869528  1.218938E-16
4512.63624289079  1.192276E-16
4518.1592570863  1.190804E-16
4523.68227128181  1.113663E-16
4529.20528547732  1.157102E-16
4534.72829967283  1.067569E-16
4540.25131386835  1.154070E-16
4545.77432806386  1.131139E-16
4551.29734225937  1.030670E-16
4556.82035645488  1.125627E-16
4562.34337065039  1.093327E-16
4567.8663848459  1.043349E-16
4573.38939904141  1.045641E-16
4578.91241323692  1.121511E-16
4584.43542743244  1.091855E-16
4589.95844162795  1.039352E-16
4595.48145582346  9.903183E-17
4601.00447001897  9.746968E-17
4606.52748421448  1.079930E-16
4612.05049840999  1.118173E-16
4617.5735126055  1.026178E-16
4623.09652680102  1.021894E-16
4628.61954099653  9.761667E-17
4634.14255519204  9.534813E-17
4639.66556938755  1.075179E-16
4645.18858358306  1.099270E-16
4650.71159777857  1.039130E-16
4656.23461197408  1.031247E-16
4661.75762616959  1.042267E-16
4667.2806403651  9.700352E-17
4672.80365456062  1.016352E-16
4678.32666875613  1.044944E-16
4683.84968295164  9.969511E-17
4689.37269714715  1.043781E-16
4694.89571134266  1.021797E-16
4700.41872553817  9.490611E-17
4705.94173973368  9.518534E-17
4711.4647539292  9.619043E-17
4716.98776812471  9.537860E-17
4722.51078232022  1.034391E-16
4728.03379651573  9.960222E-17
4733.55681071124  8.770968E-17
4739.07982490675  9.582197E-17
4744.60283910226  9.545362E-17
4750.12585329778  9.363187E-17
4755.64886749329  8.712847E-17
4761.1718816888  8.195516E-17
4766.69489588431  8.956150E-17
4772.21791007982  8.889555E-17
4777.74092427533  8.424294E-17
4783.26393847084  7.929329E-17
4788.78695266636  8.144387E-17
4794.30996686187  8.313751E-17
4799.83298105738  8.477929E-17
4805.35599525289  8.568164E-17
4810.8790094484  7.694504E-17
4816.40202364391  7.327120E-17
4821.92503783942  8.021721E-17
4827.44805203493  7.916550E-17
4832.97106623045  8.372608E-17
4838.49408042596  7.800558E-17
4844.01709462147  6.790883E-17
4849.54010881698  7.661729E-17
4855.06312301249  7.384296E-17
4860.586137208  7.456461E-17
4866.10915140351  6.881702E-17
4871.63216559902  7.251437E-17
4877.15517979454  7.459267E-17
4882.67819399005  6.548796E-17
4888.20120818556  6.588343E-17
4893.72422238107  6.879059E-17
4899.24723657658  6.436277E-17
4904.77025077209  6.816346E-17
4910.2932649676  7.261179E-17
4915.81627916312  8.140097E-17
4921.33929335863  7.945097E-17
4926.86230755414  7.929794E-17
4932.38532174965  7.804906E-17
4937.90833594516  8.744852E-17
4943.43135014067  9.505662E-17
4948.95436433618  9.278338E-17
4954.47737853169  9.842805E-17
4960.0003927272  9.862823E-17
4965.52340692272  1.031974E-16
4971.04642111823  1.035367E-16
4976.56943531374  1.097085E-16
4982.09244950925  1.088839E-16
4987.61546370476  1.105312E-16
4993.13847790027  1.128559E-16
4998.66149209579  1.142189E-16
5004.1845062913  1.207230E-16
5009.70752048681  1.190641E-16
5015.23053468232  1.133235E-16
5020.75354887783  1.138983E-16
5026.27656307334  1.104079E-16
5031.79957726885  1.117718E-16
5037.32259146436  1.141083E-16
5042.84560565988  1.151904E-16
5048.36861985539  1.141119E-16
5053.8916340509  1.138803E-16
5059.41464824641  1.061595E-16
5064.93766244192  1.000455E-16
5070.46067663743  9.968900E-17
5075.98369083294  1.024997E-16
5081.50670502845  1.079199E-16
5087.02971922397  1.039565E-16
5092.55273341948  1.063024E-16
5098.07574761499  1.097616E-16
5103.5987618105  1.018291E-16
5109.12177600601  1.040451E-16
5114.64479020152  9.711624E-17
5120.16780439703  9.595488E-17
5125.69081859255  9.619264E-17
5131.21383278806  8.856500E-17
5136.73684698357  9.496471E-17
5142.25986117908  9.675258E-17
5147.78287537459  9.879580E-17
5153.3058895701  9.877053E-17
5158.82890376561  9.200244E-17
5164.35191796112  9.247785E-17
5169.87493215664  9.407548E-17
5175.39794635215  8.636954E-17
5180.92096054766  8.330302E-17
5186.44397474317  9.166381E-17
5191.96698893868  8.789384E-17
5197.49000313419  8.027756E-17
5203.0130173297  7.981605E-17
5208.53603152522  7.985289E-17
5214.05904572073  8.097868E-17
5219.58205991624  7.464928E-17
5225.10507411175  8.319297E-17
5230.62808830726  8.769474E-17
5236.15110250277  8.002126E-17
5241.67411669828  8.150958E-17
5247.19713089379  8.590182E-17
5252.72014508931  7.815746E-17
5258.24315928482  8.517488E-17
5263.76617348033  8.126128E-17
5269.28918767584  7.602368E-17
5274.81220187135  7.968462E-17
5280.33521606686  7.875671E-17
5285.85823026237  7.375814E-17
5291.38124445788  7.356081E-17
5296.9042586534  8.594158E-17
5302.42727284891  7.451149E-17
5307.95028704442  6.907558E-17
5313.47330123993  7.403188E-17
5318.99631543544  7.754218E-17
5324.51932963095  7.229576E-17
5330.04234382647  7.703805E-17
5335.56535802197  7.658917E-17
5341.08837221749  7.671948E-17
5346.611386413  8.118228E-17
5352.13440060851  7.591488E-17
5357.65741480402  7.445256E-17
5363.18042899953  6.394684E-17
5368.70344319504  7.006709E-17
5374.22645739055  7.901835E-17
5379.74947158607  7.637589E-17
5385.27248578158  6.527895E-17
5390.79549997709  7.272369E-17
5396.3185141726  6.996583E-17
5401.84152836811  6.941223E-17
5407.36454256362  7.788766E-17
5412.88755675913  7.914520E-17
5418.41057095465  6.476593E-17
5423.93358515016  7.057628E-17
5429.45659934567  6.675365E-17
5434.97961354118  7.416855E-17
5440.50262773669  6.717963E-17
5446.0256419322  7.002487E-17
5451.54865612771  6.945069E-17
5457.07167032322  7.109696E-17
5462.59468451874  6.477712E-17
5468.11769871425  6.378014E-17
5473.64071290976  6.772723E-17
5479.16372710527  6.755032E-17
5484.68674130078  6.457409E-17
5490.20975549629  7.327821E-17
5495.7327696918  6.712890E-17
5501.25578388731  7.076006E-17
5506.77879808283  7.185001E-17
5512.30181227834  6.806534E-17
5517.82482647385  6.988211E-17
5523.34784066936  7.056967E-17
5528.87085486487  6.921267E-17
5534.39386906038  7.119111E-17
5539.9168832559  7.328045E-17
5545.43989745141  7.227432E-17
5550.96291164692  6.427727E-17
5556.48592584243  6.576235E-17
5562.00894003794  6.361094E-17
5567.53195423345  6.792884E-17
5573.05496842896  5.783835E-17
5578.57798262447  7.143945E-17
5584.10099681998  6.220553E-17
5589.6240110155  6.283214E-17
5595.14702521101  6.014647E-17
5600.67003940652  6.565667E-17
5606.19305360203  6.343777E-17
5611.71606779754  6.328128E-17
5617.23908199305  6.069337E-17
5622.76209618856  6.615223E-17
5628.28511038408  6.555072E-17
5633.80812457959  5.528509E-17
5639.3311387751  5.582150E-17
5644.85415297061  5.718633E-17
5650.37716716612  5.962958E-17
5655.90018136163  6.392384E-17
5661.42319555714  5.651762E-17
5666.94620975265  6.295596E-17
5672.46922394816  7.316462E-17
5677.99223814368  6.765095E-17
5683.51525233919  7.145643E-17
5689.0382665347  6.833658E-17
5694.56128073021  6.174632E-17
5700.08429492572  6.421933E-17
5705.60730912123  7.179490E-17
5711.13032331675  6.111470E-17
5716.65333751226  6.234212E-17
5722.17635170777  6.343796E-17
5727.69936590328  5.690032E-17
5733.22238009879  6.116209E-17
5738.7453942943  6.306381E-17
5744.26840848981  5.762754E-17
5749.79142268532  6.114270E-17
5755.31443688084  6.229029E-17
5760.83745107635  6.286342E-17
5766.36046527186  5.398717E-17
5771.88347946737  6.490573E-17
5777.40649366288  6.207400E-17
5782.92950785839  5.918645E-17
5788.4525220539  5.733302E-17
5793.97553624941  6.184081E-17
5799.49855044493  6.799855E-17
5805.02156464044  6.179370E-17
5810.54457883595  6.396674E-17
5816.06759303146  6.530081E-17
5821.59060722697  6.062190E-17
5827.11362142248  5.565918E-17
5832.63663561799  5.860128E-17
5838.1596498135  5.689419E-17
5843.68266400902  5.321529E-17
5849.20567820453  5.358355E-17
5854.72869240004  5.932926E-17
5860.25170659555  6.320876E-17
5865.77472079106  5.518328E-17
5871.29773498657  4.936460E-17
5876.82074918208  5.717665E-17
5882.3437633776  5.774289E-17
5887.86677757311  5.637621E-17
5893.38979176862  6.324301E-17
5898.91280596413  5.621787E-17
5904.43582015964  5.695391E-17
5909.95883435515  6.337607E-17
5915.48184855066  5.722459E-17
5921.00486274618  5.256535E-17
5926.52787694169  5.177424E-17
5932.0508911372  5.641255E-17
5937.57390533271  5.636116E-17
5943.09691952822  5.818737E-17
5948.61993372373  5.759697E-17
5954.14294791924  5.515121E-17
5959.66596211475  5.487350E-17
5965.18897631026  6.219604E-17
5970.71199050578  6.127389E-17
5976.23500470129  6.142050E-17
5981.7580188968  6.266326E-17
5987.28103309231  5.257688E-17
5992.80404728782  5.635206E-17
5998.32706148333  5.309224E-17
6003.85007567885  6.700748E-17
6009.37308987436  6.132928E-17
6014.89610406987  6.408864E-17
6020.41911826538  6.156050E-17
6025.94213246089  5.815293E-17
6031.4651466564  5.627915E-17
6036.98816085191  5.936197E-17
6042.51117504742  5.912233E-17
6048.03418924294  5.717638E-17
6053.55720343845  5.916073E-17
6059.08021763396  6.314171E-17
6064.60323182947  6.571972E-17
6070.12624602498  6.207451E-17
6075.64926022049  5.603172E-17
6081.172274416  5.852989E-17
6086.69528861152  6.407661E-17
6092.21830280703  5.518277E-17
6097.74131700254  5.265506E-17
6103.26433119805  5.713350E-17
6108.78734539356  5.782664E-17
6114.31035958907  6.071902E-17
6119.83337378458  6.153101E-17
6125.35638798009  6.000978E-17
6130.8794021756  5.581031E-17
6136.40241637112  6.118697E-17
6141.92543056663  5.566675E-17
6147.44844476214  5.383316E-17
6152.97145895765  5.785364E-17
6158.49447315316  5.771846E-17
6164.01748734867  5.266868E-17
6169.54050154418  5.400721E-17
6175.0635157397  5.604646E-17
6180.58652993521  6.226028E-17
6186.10954413072  6.041270E-17
6191.63255832623  6.070735E-17
6197.15557252174  5.595246E-17
6202.67858671725  5.072759E-17
6208.20160091276  5.488630E-17
6213.72461510827  5.212674E-17
6219.24762930379  5.559439E-17
6224.7706434993  6.349850E-17
6230.29365769481  5.541204E-17
6235.81667189032  5.119043E-17
6241.33968608583  5.367822E-17
6246.86270028134  5.502044E-17
6252.38571447685  6.089188E-17
6257.90872867236  5.625183E-17
6263.43174286788  5.166926E-17
6268.95475706339  5.743208E-17
6274.4777712589  5.928444E-17
6280.00078545441  5.133601E-17
6285.52379964992  5.103572E-17
6291.04681384543  4.962827E-17
6296.56982804095  4.970238E-17
6302.09284223646  5.360622E-17
6307.61585643197  4.422378E-17
6313.13887062748  4.830094E-17
6318.66188482299  5.387001E-17
6324.1848990185  4.851666E-17
6329.70791321401  4.440587E-17
6335.23092740952  4.987317E-17
6340.75394160504  4.157305E-17
6346.27695580055  5.509318E-17
6351.79996999606  5.463372E-17
6357.32298419157  5.622582E-17
6362.84599838708  5.139475E-17
6368.36901258259  4.784745E-17
6373.8920267781  4.922940E-17
6379.41504097361  4.507032E-17
6384.93805516913  4.250944E-17
6390.46106936464  5.492912E-17
6395.98408356015  5.218386E-17
6401.50709775566  4.678592E-17
6407.03011195117  5.385458E-17
6412.55312614668  4.832893E-17
6418.07614034219  4.541837E-17
6423.59915453771  5.389318E-17
6429.12216873322  4.808638E-17
6434.64518292873  4.880144E-17
6440.16819712424  5.017190E-17
6445.69121131975  4.773142E-17
6451.21422551526  4.726590E-17
6456.73723971077  4.685981E-17
6462.26025390629  4.041245E-17
6467.7832681018  3.577911E-17
6473.30628229731  4.129200E-17
6478.82929649282  4.637736E-17
6484.35231068833  3.764100E-17
6489.87532488384  4.499921E-17
6495.39833907935  4.389634E-17
6500.92135327486  3.916978E-17
6506.44436747037  3.225418E-17
6511.96738166589  2.978328E-17
6517.4903958614  3.546641E-17
6523.01341005691  4.003920E-17
6528.53642425242  3.751150E-17
6534.05943844793  3.212788E-17
6539.58245264344  3.858725E-17
6545.10546683895  4.090572E-17
6550.62848103446  3.736295E-17
6556.15149522998  3.718603E-17
6561.67450942549  3.414312E-17
6567.197523621  4.052134E-17
6572.72053781651  3.448131E-17
6578.24355201202  4.141610E-17
6583.76656620753  4.362064E-17
6589.28958040305  3.963497E-17
6594.81259459856  4.141633E-17
6600.33560879407  4.402300E-17
6605.85862298958  5.011040E-17
6611.38163718509  5.071485E-17
6616.9046513806  5.731927E-17
6622.42766557611  5.242549E-17
6627.95067977162  4.594611E-17
6633.47369396714  4.625585E-17
6638.99670816265  4.990547E-17
6644.51972235816  6.102601E-17
6650.04273655367  5.674552E-17
6655.56575074918  6.504110E-17
6661.08876494469  7.244874E-17
6666.6117791402  6.612897E-17
6672.13479333571  6.335193E-17
6677.65780753122  6.960806E-17
6683.18082172674  7.518356E-17
6688.70383592225  7.396520E-17
6694.22685011776  7.228850E-17
6699.74986431327  7.183166E-17
6705.27287850878  7.792290E-17
6710.79589270429  8.335234E-17
6716.3189068998  8.300017E-17
6721.84192109532  8.792328E-17
6727.36493529083  9.003461E-17
6732.88794948634  8.773811E-17
6738.41096368185  8.758564E-17
6743.93397787736  8.884423E-17
6749.45699207287  8.864151E-17
6754.98000626838  8.123238E-17
6760.5030204639  8.439413E-17
6766.02603465941  7.914011E-17
6771.54904885492  7.925403E-17
6777.07206305043  9.357922E-17
6782.59507724594  8.892091E-17
6788.11809144145  8.839211E-17
6793.64110563696  9.296652E-17
6799.16411983247  8.191971E-17
6804.68713402798  7.794646E-17
6810.2101482235  7.639485E-17
6815.73316241901  8.215753E-17
6821.25617661452  8.341117E-17
6826.77919081003  8.267820E-17
6832.30220500554  7.589518E-17
6837.82521920105  7.574280E-17
6843.34823339657  8.585441E-17
6848.87124759208  7.914090E-17
6854.39426178759  7.359041E-17
6859.9172759831  7.344416E-17
6865.44029017861  7.032044E-17
6870.96330437412  6.793451E-17
6876.48631856963  6.420484E-17
6882.00933276515  6.860977E-17
6887.53234696066  7.301079E-17
6893.05536115617  6.649215E-17
6898.57837535168  6.342637E-17
6904.10138954719  6.463480E-17
6909.6244037427  6.633868E-17
6915.14741793821  6.201163E-17
6920.67043213372  5.354438E-17
6926.19344632923  5.700001E-17
6931.71646052475  6.126089E-17
6937.23947472026  6.703555E-17
6942.76248891577  6.976883E-17
6948.28550311128  6.855609E-17
6953.80851730679  6.609089E-17
6959.3315315023  5.335379E-17
6964.85454569781  6.073057E-17
6970.37755989333  6.242318E-17
6975.90057408884  5.839410E-17
6981.42358828435  5.761828E-17
6986.94660247986  5.430192E-17
6992.46961667537  5.489946E-17
6997.99263087088  5.335694E-17
7003.51564506639  4.624641E-17
7009.0386592619  4.959788E-17
7014.56167345742  5.264439E-17
7020.08468765293  5.801349E-17
7025.60770184844  5.580111E-17
7031.13071604395  5.250724E-17
7036.65373023946  5.383028E-17
7042.17674443497  4.877598E-17
7047.69975863048  5.214736E-17
7053.222772826  5.370438E-17
7058.74578702151  5.072651E-17
7064.26880121702  4.894017E-17
7069.79181541253  4.458359E-17
7075.31482960804  4.649730E-17
7080.83784380355  5.025960E-17
7086.36085799906  5.212424E-17
7091.88387219457  4.592158E-17
7097.40688639008  4.433861E-17
7102.9299005856  4.286406E-17
7108.45291478111  4.556862E-17
7113.97592897662  4.121007E-17
7119.49894317213  4.243250E-17
7125.02195736764  3.959567E-17
7130.54497156315  3.960937E-17
7136.06798575866  4.784799E-17
7141.59099995418  4.343727E-17
7147.11401414969  4.689249E-17
7152.6370283452  4.492442E-17
7158.16004254071  4.940361E-17
7163.68305673622  4.362266E-17
7169.20607093173  4.675830E-17
7174.72908512724  4.287099E-17
7180.25209932276  4.482108E-17
7185.77511351827  4.650111E-17
7191.29812771378  4.581912E-17
7196.82114190929  4.119020E-17
7202.3441561048  4.355356E-17
7207.86717030031  4.363784E-17
7213.39018449582  3.782926E-17
7218.91319869134  3.878823E-17
7224.43621288685  4.466758E-17
7229.95922708236  5.049067E-17
7235.48224127787  5.003458E-17
7241.00525547338  4.166529E-17
7246.52826966889  4.090215E-17
7252.0512838644  4.603090E-17
7257.57429805991  4.069105E-17
7263.09731225543  3.844919E-17
7268.62032645094  4.350033E-17
7274.14334064645  4.655134E-17
7279.66635484196  4.228695E-17
7285.18936903747  4.552959E-17
7290.71238323298  4.607777E-17
7296.23539742849  4.538134E-17
7301.758411624  4.132486E-17
7307.28142581952  3.615705E-17
7312.80444001503  3.644265E-17
7318.32745421054  3.456100E-17
7323.85046840605  3.195065E-17
7329.37348260156  4.380960E-17
7334.89649679707  3.421073E-17
7340.41951099258  3.107601E-17
7345.9425251881  3.000400E-17
7351.46553938361  3.609002E-17
7356.98855357912  3.654051E-17
7362.51156777463  2.734501E-17
7368.03458197014  2.989763E-17
7373.55759616565  3.510565E-17
7379.08061036116  4.096848E-17
7384.60362455667  3.789904E-17
7390.12663875218  3.918160E-17
7395.6496529477  4.279598E-17
7401.17266714321  3.647435E-17
7406.69568133872  3.833623E-17
7412.21869553423  3.717367E-17
7417.74170972974  3.662079E-17
7423.26472392525  4.283276E-17
7428.78773812077  4.048784E-17
7434.31075231628  3.599766E-17
7439.83376651179  3.248421E-17
7445.3567807073  2.928254E-17
7450.87979490281  3.570597E-17
7456.40280909832  3.675721E-17
7461.92582329383  4.054594E-17
7467.44883748934  3.399483E-17
7472.97185168486  2.905147E-17
7478.49486588037  3.499651E-17
7484.01788007588  4.161635E-17
7489.54089427139  3.945310E-17
7495.0639084669  3.942503E-17
7500.58692266241  3.767767E-17
7506.10993685792  3.781763E-17
7511.63295105343  4.062754E-17
7517.15596524895  4.217385E-17
7522.67897944446  4.063265E-17
7528.20199363997  3.224827E-17
7533.72500783548  2.696865E-17
7539.24802203099  3.541696E-17
7544.7710362265  4.230371E-17
7550.29405042201  4.248409E-17
7555.81706461752  4.350008E-17
7561.34007881304  3.984346E-17
7566.86309300855  3.405485E-17
7572.38610720406  3.684925E-17
7577.90912139957  4.145633E-17
7583.43213559508  3.656736E-17
7588.95514979059  3.315525E-17
7594.4781639861  3.501834E-17
7600.00117818162  2.437189E-17
7605.52419237713  2.410165E-17
7611.04720657264  3.021331E-17
7616.57022076815  3.550347E-17
7622.09323496366  4.190822E-17
7627.61624915917  4.048824E-17
7633.13926335468  3.253751E-17
7638.66227755019  3.188232E-17
7644.18529174571  3.604819E-17
7649.70830594122  2.950494E-17
7655.23132013673  2.848107E-17
7660.75433433224  2.800140E-17
7666.27734852775  3.517228E-17
7671.80036272326  3.437943E-17
7677.32337691877  3.343932E-17
7682.84639111428  4.321148E-17
7688.3694053098  4.168773E-17
7693.89241950531  3.300465E-17
7699.41543370082  3.527444E-17
7704.93844789633  4.100818E-17
7710.46146209184  3.834041E-17
7715.98447628735  3.995679E-17
7721.50749048286  3.856193E-17
7727.03050467838  2.706966E-17
7732.55351887389  2.913394E-17
7738.0765330694  3.387874E-17
7743.59954726491  3.676581E-17
7749.12256146042  2.973087E-17
7754.64557565593  2.989514E-17
7760.16858985144  4.205400E-17
7765.69160404696  4.389890E-17
7771.21461824247  2.867283E-17
7776.73763243798  3.658972E-17
7782.26064663349  3.998005E-17
7787.783660829  2.852058E-17
7793.30667502451  2.902258E-17
7798.82968922002  2.645675E-17
7804.35270341554  2.024430E-17
7809.87571761105  3.073112E-17
7815.39873180656  2.955375E-17
7820.92174600207  2.754385E-17
7826.44476019758  3.626616E-17
7831.96777439309  3.468146E-17
7837.4907885886  2.932394E-17
7843.01380278411  3.377886E-17
7848.53681697962  2.669992E-17
7854.05983117514  2.177448E-17
7859.58284537065  2.441064E-17
7865.10585956616  2.374620E-17
7870.62887376167  2.715970E-17
7876.15188795718  2.767173E-17
7881.67490215269  2.635314E-17
7887.1979163482  3.301648E-17
7892.72093054372  3.867271E-17
7898.24394473923  3.051956E-17
7903.76695893474  3.014797E-17
7909.28997313025  3.029443E-17
7914.81298732576  3.373520E-17
7920.33600152127  2.288302E-17
7925.85901571678  4.566301E-17
7931.3820299123  2.731466E-17
7936.90504410781  3.375355E-17
7942.42805830332  2.644921E-17
7947.95107249883  2.893961E-17
7953.47408669434  4.694395E-17
7958.99710088985  3.863954E-17
7964.52011508536  2.974278E-17
7970.04312928087  2.270026E-17
7975.56614347638  2.130069E-17
7981.0891576719  3.737790E-17
7986.61217186741  3.397535E-17
7992.13518606292  3.410569E-17
7997.65820025843  4.118058E-17
8003.18121445394  3.440597E-17
8008.70422864945  3.247768E-17
8014.22724284496  3.004919E-17
8019.75025704047  2.855791E-17
8025.27327123599  4.144922E-17
8030.7962854315  4.175939E-17
8036.31929962701  3.428016E-17
8041.84231382252  3.660649E-17
8047.36532801803  2.968221E-17
8052.88834221354  2.887403E-17
8058.41135640906  3.031702E-17
8063.93437060457  2.894941E-17
8069.45738480008  3.062412E-17
8074.98039899559  2.411156E-17
8080.5034131911  3.968453E-17
8086.02642738661  3.218507E-17
8091.54944158212  2.731446E-17
8097.07245577763  2.718199E-17
8102.59546997314  3.256568E-17
8108.11848416866  2.642620E-17
8113.64149836417  2.573842E-17
8119.16451255968  2.507571E-17
8124.68752675519  1.807027E-17
8130.2105409507  2.266869E-17
8135.73355514621  2.646316E-17
8141.25656934172  2.653424E-17
8146.77958353724  4.169102E-17
8152.30259773275  4.254242E-17
8157.82561192826  3.594389E-17
8163.34862612377  3.750740E-17
8168.87164031928  3.046479E-17
8174.39465451479  3.242947E-17
8179.9176687103  3.547280E-17
8185.44068290582  3.496184E-17
8190.96369710133  3.166532E-17
8196.48671129684  2.908204E-17
8202.00972549235  2.524821E-17
8207.53273968786  2.775482E-17
8213.05575388337  3.209189E-17
8218.57876807888  3.526751E-17
8224.10178227439  3.334344E-17
8229.6247964699  3.098463E-17
8235.14781066542  3.634751E-17
8240.67082486093  4.329029E-17
8246.19383905644  4.323234E-17
8251.71685325195  3.124975E-17
8257.23986744746  4.751003E-17
8262.76288164297  4.423835E-17
8268.28589583849  3.621806E-17
8273.808910034  2.972232E-17
8279.33192422951  3.162468E-17
8284.85493842502  4.530503E-17
8290.37795262053  3.768950E-17
8295.90096681604  1.955017E-17
8301.42398101155  2.469993E-17
8306.94699520706  2.090651E-17
8312.47000940258  1.733950E-17
8317.99302359809  2.851209E-17
8323.5160377936  1.999249E-17
8329.03905198911  2.608682E-17
8334.56206618462  3.528945E-17
8340.08508038013  2.655204E-17
8345.60809457564  4.077446E-17
8351.13110877115  2.316414E-17
8356.65412296667  1.649607E-17
8362.17713716218  2.445961E-17
8367.70015135769  3.559906E-17
8373.2231655532  3.280488E-17
8378.74617974871  3.735394E-17
8384.26919394422  3.223046E-17
8389.79220813974  3.276441E-17
8395.31522233525  3.688309E-17
8400.83823653076  3.224765E-17
8406.36125072627  3.361095E-17
8411.88426492178  2.258501E-17
8417.40727911729  2.136994E-17
8422.9302933128  2.259683E-17
8428.45330750831  2.642766E-17
8433.97632170382  3.367970E-17
8439.49933589934  3.094866E-17
8445.02235009485  2.527846E-17
8450.54536429036  2.443515E-17
8456.06837848587  2.293737E-17
8461.59139268138  2.710586E-17
8467.11440687689  3.332646E-17
8472.6374210724  2.984580E-17
8478.16043526792  2.846010E-17
8483.68344946343  2.907556E-17
8489.20646365894  2.935501E-17
8494.72947785445  3.556028E-17
8500.25249204996  2.986191E-17
8505.77550624547  2.451784E-17
8511.29852044098  2.568429E-17
8516.8215346365  2.750136E-17
8522.344548832  2.556316E-17
8527.86756302752  2.628448E-17
8533.39057722303  3.218662E-17
8538.91359141854  3.646541E-17
8544.43660561405  3.784932E-17
8549.95961980956  3.297446E-17
8555.48263400507  2.563093E-17
8561.00564820058  1.982330E-17
8566.5286623961  1.576129E-17
8572.05167659161  2.675207E-17
8577.57469078712  1.861386E-17
8583.09770498263  2.791317E-17
8588.62071917814  3.611117E-17
8594.14373337365  3.189270E-17
8599.66674756916  2.626055E-17
8605.18976176467  1.916245E-17
8610.71277596019  2.315198E-17
8616.2357901557  1.015730E-17
8621.75880435121  9.375515E-18
8627.28181854672  2.489230E-17
8632.80483274223  8.432179E-18
8638.32784693774  2.417918E-17
8643.85086113325  3.079610E-17
8649.37387532877  3.125245E-17
8654.89688952428  3.658586E-17
8660.41990371979  3.090642E-17
8665.9429179153  1.723822E-17
8671.46593211081  1.000663E-17
8676.98894630632  8.581344E-18
8682.51196050183  2.700072E-17
8688.03497469735  1.762908E-17
8693.55798889286  2.168173E-17
8699.08100308837  2.879025E-17
8704.60401728388  3.478066E-17
8710.12703147939  2.597679E-17
8715.6500456749  1.389496E-17
8721.17305987041  1.613550E-17
8726.69607406592  2.446423E-17
8732.21908826144  3.042818E-17
8737.74210245695  3.173358E-17
8743.26511665246  3.565739E-17
8748.78813084797  3.579421E-17
8754.31114504348  2.869538E-17
8759.83415923899  3.585828E-17
8765.3571734345  3.420424E-17
8770.88018763002  1.307603E-17
8776.40320182553  1.323220E-17
8781.92621602104  2.713761E-17
8787.44923021655  3.927235E-17
8792.97224441206  2.808668E-17
8798.49525860757  1.600196E-17
8804.01827280308  2.265255E-17
8809.5412869986  3.528433E-17
8815.0643011941  4.103392E-17
8820.58731538962  3.676067E-17
8826.11032958513  2.852276E-17
8831.63334378064  6.901566E-18
8837.15635797615  1.039367E-17
8842.67937217166  2.377527E-17
8848.20238636717  3.006356E-17
8853.72540056268  4.456788E-17
8859.2484147582  2.737392E-17
8864.77142895371  2.437903E-17
8870.29444314922  4.028595E-17
8875.81745734473  2.616225E-17
8881.34047154024  5.131332E-18
8886.86348573575  3.134472E-17
8892.38649993126  3.879858E-17
8897.90951412678  1.672205E-17
8903.43252832229  1.487988E-17
8908.9555425178  4.513359E-18
8914.47855671331  2.127620E-19
8920.00157090882  9.788075E-18
8925.52458510433  2.168174E-17
8931.04759929984  2.451671E-17
8936.57061349535  3.300879E-17
8942.09362769086  4.371422E-17
8947.61664188638  4.667098E-17
8953.13965608189  1.697813E-17
8958.6626702774  2.893043E-17
8964.18568447291  3.471779E-17
8969.70869866842  4.769987E-18
8975.23171286393  2.211311E-17
8980.75472705945  3.048110E-17
8986.27774125496  3.500441E-17
8991.80075545047  3.977021E-17
8997.32376964598  3.390028E-17
9002.84678384149  1.720823E-17
9008.369798037  2.363683E-17
9013.89281223251  1.200139E-17
9019.41582642802  1.840598E-17
9024.93884062354  2.286713E-17
9030.46185481905  1.888722E-17
9035.98486901456  1.367735E-17
9041.50788321007  1.084662E-17
9047.03089740558  1.611417E-17
9052.55391160109  3.277023E-17
9058.0769257966  3.602855E-17
9063.59993999211  2.833767E-17
9069.12295418763  4.162273E-17
9074.64596838314  3.384013E-17
9080.16898257865  8.383191E-18
9085.69199677416  1.172028E-17
9091.21501096967  2.149711E-17
9096.73802516518  2.797996E-17
9102.26103936069  2.476317E-17
9107.78405355621  8.936187E-18
9113.30706775172  -5.910291E-19
9118.83008194723  3.290342E-17
9124.35309614274  2.415388E-17
9129.87611033825  1.303569E-17
9135.39912453376  3.196753E-17
9140.92213872927  3.654601E-17
9146.44515292478  2.504716E-17
9151.9681671203  3.847839E-17
9157.49118131581  4.936669E-17
9163.01419551132  -8.641000E-19
9168.53720970683  8.434349E-18
9174.06022390234  1.172993E-17
9179.58323809785  8.131315E-18
9185.10625229336  3.065697E-17
9190.62926648888  3.537674E-17
9196.15228068439  2.221032E-17
9201.6752948799  1.435184E-17
9207.19830907541  2.182704E-17
9212.72132327092  2.592979E-17
9218.24433746643  2.054986E-17
9223.76735166194  2.270188E-17
9229.29036585746  3.288564E-17
9234.81338005297  3.162066E-17
9240.33639424848  1.097143E-17
9245.85940844399  1.508916E-17
9251.3824226395  1.430861E-17
9256.90543683501  2.853390E-17
9262.42845103052  3.223068E-17
9267.95146522603  2.099063E-17
9273.47447942154  8.486251E-18
9278.99749361706  3.385866E-17
9284.52050781257  2.631832E-17
