3642.5  2.631497E-16
3648.02319670377  2.330299E-16
3653.54639340753  2.572528E-16
3659.0695901113  2.436389E-16
3664.59278681507  2.438860E-16
3670.11598351884  2.389653E-16
3675.6391802226  2.392238E-16
3681.16237692637  2.203801E-16
3686.68557363014  2.394553E-16
3692.2087703339  2.524878E-16
3697.73196703767  2.445911E-16
3703.25516374144  2.195362E-16
3708.77836044521  2.244398E-16
3714.30155714897  2.230475E-16
3719.82475385274  2.118464E-16
3725.34795055651  2.186978E-16
3730.87114726027  2.494492E-16
3736.39434396404  2.365797E-16
3741.91754066781  2.078593E-16
3747.44073737157  2.303330E-16
3752.96393407534  2.491566E-16
3758.48713077911  2.121791E-16
3764.01032748288  2.123417E-16
3769.53352418664  2.279353E-16
3775.05672089041  2.360924E-16
3780.57991759418  2.335602E-16
3786.10311429794  2.441905E-16
3791.62631100171  2.694733E-16
3797.14950770548  2.789674E-16
3802.67270440925  2.488762E-16
3808.19590111301  2.013680E-16
3813.71909781678  2.041658E-16
3819.24229452055  2.203520E-16
3824.76549122431  2.243610E-16
3830.28868792808  2.071038E-16
3835.81188463185  2.098779E-16
3841.33508133562  2.033185E-16
3846.85827803938  2.144594E-16
3852.38147474315  2.096021E-16
3857.90467144692  1.940564E-16
3863.42786815069  1.931620E-16
3868.95106485445  2.109008E-16
3874.47426155822  2.134773E-16
3879.99745826199  1.957231E-16
3885.52065496575  2.110118E-16
3891.04385166952  1.950925E-16
3896.56704837329  1.960121E-16
3902.09024507706  1.935769E-16
3907.61344178082  2.068227E-16
3913.13663848459  2.203127E-16
3918.65983518836  2.109234E-16
3924.18303189212  2.139338E-16
3929.70622859589  2.061385E-16
3935.22942529966  2.089277E-16
3940.75262200342  1.900828E-16
3946.27581870719  2.015862E-16
3951.79901541096  2.191089E-16
3957.32221211473  2.262874E-16
3962.84540881849  2.076936E-16
3968.36860552226  2.016933E-16
3973.89180222603  2.041272E-16
3979.41499892979  2.184265E-16
3984.93819563356  1.981773E-16
3990.46139233733  1.912315E-16
3995.9845890411  1.953262E-16
4001.50778574486  1.912536E-16
4007.03098244863  2.044690E-16
4012.5541791524  2.164373E-16
4018.07737585616  2.126862E-16
4023.60057255993  1.966997E-16
4029.1237692637  1.759235E-16
4034.64696596747  1.983698E-16
4040.17016267123  1.907407E-16
4045.693359375  1.826096E-16
4051.21655607877  1.862402E-16
4056.73975278253  2.001376E-16
4062.2629494863  2.038566E-16
4067.78614619007  2.043373E-16
4073.30934289383  2.010943E-16
4078.8325395976  1.942180E-16
4084.35573630137  1.848860E-16
4089.87893300514  2.011685E-16
4095.4021297089  1.879621E-16
4100.92532641267  1.788405E-16
4106.44852311644  1.948822E-16
4111.97171982021  1.997219E-16
4117.49491652397  2.040564E-16
4123.01811322774  1.975616E-16
4128.54130993151  1.877923E-16
4134.06450663527  2.097497E-16
4139.58770333904  2.249257E-16
4145.11090004281  2.224772E-16
4150.63409674657  2.059526E-16
4156.15729345034  2.035172E-16
4161.68049015411  2.002409E-16
4167.20368685788  2.044678E-16
4172.72688356164  1.972637E-16
4178.25008026541  2.002572E-16
4183.77327696918  1.822349E-16
4189.29647367295  2.045656E-16
4194.81967037671  1.841287E-16
4200.34286708048  1.886502E-16
4205.86606378425  1.952793E-16
4211.38926048801  1.880045E-16
4216.91245719178  1.956860E-16
4222.43565389555  1.975222E-16
4227.95885059931  1.739226E-16
4233.48204730308  1.754571E-16
4239.00524400685  1.917425E-16
4244.52844071062  1.731916E-16
4250.05163741438  1.758253E-16
4255.57483411815  1.705710E-16
4261.09803082192  1.477079E-16
4266.62122752568  1.430809E-16
4272.14442422945  1.532341E-16
4277.66762093322  1.515858E-16
4283.19081763698  1.750176E-16
4288.71401434075  1.709578E-16
4294.23721104452  1.699337E-16
4299.76040774829  1.593977E-16
4305.28360445206  1.559553E-16
4310.80680115582  1.884028E-16
4316.32999785959  1.792431E-16
4321.85319456336  1.723278E-16
4327.37639126712  1.781878E-16
4332.89958797089  1.961033E-16
4338.42278467466  1.945646E-16
4343.94598137842  1.683645E-16
4349.46917808219  1.708352E-16
4354.99237478596  1.864379E-16
4360.51557148973  1.929888E-16
4366.03876819349  1.979705E-16
4371.56196489726  1.942044E-16
4377.08516160103  1.972026E-16
4382.60835830479  1.867176E-16
4388.13155500856  1.901586E-16
4393.65475171233  1.969677E-16
4399.17794841609  1.912054E-16
4404.70114511986  1.928774E-16
4410.22434182363  1.852857E-16
4415.7475385274  1.976946E-16
4421.27073523116  1.810770E-16
4426.79393193493  1.847499E-16
4432.3171286387  1.750947E-16
4437.84032534247  1.755171E-16
4443.36352204623  1.826573E-16
4448.88671875  1.894419E-16
4454.40991545377  1.739788E-16
4459.93311215753  1.707594E-16
4465.4563088613  1.738494E-16
4470.97950556507  1.898544E-16
4476.50270226883  1.955990E-16
4482.0258989726  1.781209E-16
4487.54909567637  1.843911E-16
4493.07229238014  1.860164E-16
4498.5954890839  1.680307E-16
4504.11868578767  1.678748E-16
4509.64188249144  1.873481E-16
4515.16507919521  1.808443E-16
4520.68827589897  1.809342E-16
4526.21147260274  1.817739E-16
4531.73466930651  1.775170E-16
4537.25786601027  1.799949E-16
4542.78106271404  1.835643E-16
4548.30425941781  1.685205E-16
4553.82745612157  1.624476E-16
4559.35065282534  1.820607E-16
4564.87384952911  1.821484E-16
4570.39704623288  1.784890E-16
4575.92024293664  1.797938E-16
4581.44343964041  1.850082E-16
4586.96663634418  1.647542E-16
4592.48983304794  1.638932E-16
4598.01302975171  1.777001E-16
4603.53622645548  1.681742E-16
4609.05942315925  1.608533E-16
4614.58261986301  1.618276E-16
4620.10581656678  1.685979E-16
4625.62901327055  1.560407E-16
4631.15220997431  1.616762E-16
4636.67540667808  1.673080E-16
4642.19860338185  1.538004E-16
4647.72180008561  1.536384E-16
4653.24499678938  1.556464E-16
4658.76819349315  1.637956E-16
4664.29139019692  1.630050E-16
4669.81458690068  1.694130E-16
4675.33778360445  1.572416E-16
4680.86098030822  1.573015E-16
4686.38417701199  1.627842E-16
4691.90737371575  1.542983E-16
4697.43057041952  1.491277E-16
4702.95376712329  1.529549E-16
4708.47696382705  1.368991E-16
4714.00016053082  1.461822E-16
4719.52335723459  1.578204E-16
4725.04655393835  1.550796E-16
4730.56975064212  1.441588E-16
4736.09294734589  1.334053E-16
4741.61614404966  1.410871E-16
4747.13934075342  1.335002E-16
4752.66253745719  1.382885E-16
4758.18573416096  1.285380E-16
4763.70893086473  1.337492E-16
4769.23212756849  1.192588E-16
4774.75532427226  1.354987E-16
4780.27852097603  1.440284E-16
4785.80171767979  1.438598E-16
4791.32491438356  1.520590E-16
4796.84811108733  1.270460E-16
4802.37130779109  1.360355E-16
4807.89450449486  1.467844E-16
4813.41770119863  1.571831E-16
4818.9408979024  1.384678E-16
4824.46409460616  1.521245E-16
4829.98729130993  1.564727E-16
4835.5104880137  1.616472E-16
4841.03368471746  1.622954E-16
4846.55688142123  1.671297E-16
4852.080078125  1.673750E-16
4857.60327482877  1.680685E-16
4863.12647153253  1.650152E-16
4868.6496682363  1.720554E-16
4874.17286494007  1.817598E-16
4879.69606164383  1.720671E-16
4885.2192583476  1.695395E-16
4890.74245505137  1.700497E-16
4896.26565175514  1.746628E-16
4901.7888484589  1.808533E-16
4907.31204516267  1.728013E-16
4912.83524186644  1.833466E-16
4918.3584385702  1.806947E-16
4923.88163527397  1.781034E-16
4929.40483197774  1.969819E-16
4934.92802868151  1.935740E-16
4940.45122538527  1.817665E-16
4945.97442208904  1.843277E-16
4951.49761879281  1.792505E-16
4957.02081549657  1.786157E-16
4962.54401220034  1.689843E-16
4968.06720890411  1.647269E-16
4973.59040560788  1.742972E-16
4979.11360231164  1.681017E-16
4984.63679901541  1.660861E-16
4990.15999571918  1.714861E-16
4995.68319242294  1.672195E-16
5001.20638912671  1.647918E-16
5006.72958583048  1.640583E-16
5012.25278253425  1.760768E-16
5017.77597923801  1.632157E-16
5023.29917594178  1.600045E-16
5028.82237264555  1.586445E-16
5034.34556934931  1.439489E-16
5039.86876605308  1.560925E-16
5045.39196275685  1.679709E-16
5050.91515946062  1.621298E-16
5056.43835616438  1.479128E-16
5061.96155286815  1.451623E-16
5067.48474957192  1.512994E-16
5073.00794627568  1.558330E-16
5078.53114297945  1.521379E-16
5084.05433968322  1.494312E-16
5089.57753638699  1.673752E-16
5095.10073309075  1.680094E-16
5100.62392979452  1.421686E-16
5106.14712649829  1.439577E-16
5111.67032320205  1.498330E-16
5117.19351990582  1.444652E-16
5122.71671660959  1.463565E-16
5128.23991331336  1.487560E-16
5133.76311001712  1.508334E-16
5139.28630672089  1.515520E-16
5144.80950342466  1.565758E-16
5150.33270012842  1.539809E-16
5155.85589683219  1.474951E-16
5161.37909353596  1.467608E-16
5166.90229023973  1.421942E-16
5172.42548694349  1.492154E-16
5177.94868364726  1.370013E-16
5183.47188035103  1.442110E-16
5188.99507705479  1.412848E-16
5194.51827375856  1.382288E-16
5200.04147046233  1.492164E-16
5205.56466716609  1.414045E-16
5211.08786386986  1.407569E-16
5216.61106057363  1.385657E-16
5222.1342572774  1.452272E-16
5227.65745398116  1.340075E-16
5233.18065068493  1.332641E-16
5238.7038473887  1.493934E-16
5244.22704409246  1.325692E-16
5249.75024079623  1.404126E-16
5255.2734375  1.439203E-16
5260.79663420377  1.281227E-16
5266.31983090753  1.279416E-16
5271.8430276113  1.379962E-16
5277.36622431507  1.166073E-16
5282.88942101883  1.264880E-16
5288.4126177226  1.375090E-16
5293.93581442637  1.374538E-16
5299.45901113014  1.191111E-16
5304.9822078339  1.243253E-16
5310.50540453767  1.307158E-16
5316.02860124144  1.333108E-16
5321.5517979452  1.223735E-16
5327.07499464897  1.360813E-16
5332.59819135274  1.326622E-16
5338.12138805651  1.340699E-16
5343.64458476027  1.204032E-16
5349.16778146404  1.178522E-16
5354.69097816781  1.406051E-16
5360.21417487157  1.336987E-16
5365.73737157534  1.182815E-16
5371.26056827911  1.261813E-16
5376.78376498288  1.207366E-16
5382.30696168664  1.248517E-16
5387.83015839041  1.100259E-16
5393.35335509418  1.224697E-16
5398.87655179795  1.278805E-16
5404.39974850171  1.179907E-16
5409.92294520548  1.149878E-16
5415.44614190924  1.017388E-16
5420.96933861301  1.157771E-16
5426.49253531678  1.143474E-16
5432.01573202055  1.318969E-16
5437.53892872431  1.235122E-16
5443.06212542808  1.126837E-16
5448.58532213185  1.181858E-16
5454.10851883562  1.098147E-16
5459.63171553938  1.123235E-16
5465.15491224315  1.032098E-16
5470.67810894692  1.067311E-16
5476.20130565068  1.127249E-16
5481.72450235445  1.116525E-16
5487.24769905822  1.129207E-16
5492.77089576199  1.180895E-16
5498.29409246575  1.023195E-16
5503.81728916952  1.049309E-16
5509.34048587329  1.205781E-16
5514.86368257705  1.083131E-16
5520.38687928082  1.159687E-16
5525.91007598459  1.105431E-16
5531.43327268835  1.173052E-16
5536.95646939212  1.054961E-16
5542.47966609589  1.239267E-16
5548.00286279966  1.169357E-16
5553.52605950342  1.161529E-16
5559.04925620719  1.106815E-16
5564.57245291096  9.986641E-17
5570.09564961473  9.440900E-17
5575.61884631849  1.274795E-16
5581.14204302226  1.107435E-16
5586.66523972603  1.120452E-16
5592.18843642979  1.137274E-16
5597.71163313356  1.225545E-16
5603.23482983733  1.212522E-16
5608.75802654109  1.071014E-16
5614.28122324486  1.134140E-16
5619.80441994863  1.051463E-16
5625.3276166524  9.862512E-17
5630.85081335616  1.189841E-16
5636.37401005993  1.037751E-16
5641.8972067637  1.070951E-16
5647.42040346747  1.082100E-16
5652.94360017123  1.060960E-16
5658.466796875  1.122988E-16
5663.98999357877  1.133781E-16
5669.51319028253  8.882842E-17
5675.0363869863  1.028291E-16
5680.55958369007  1.114538E-16
5686.08278039383  1.091804E-16
5691.6059770976  1.044788E-16
5697.12917380137  1.077921E-16
5702.65237050514  1.011819E-16
5708.1755672089  9.455916E-17
5713.69876391267  1.064338E-16
5719.22196061644  1.181027E-16
5724.7451573202  1.010520E-16
5730.26835402397  1.064120E-16
5735.79155072774  1.070870E-16
5741.3147474315  9.869036E-17
5746.83794413527  8.932179E-17
5752.36114083904  1.050811E-16
5757.88433754281  1.046785E-16
5763.40753424657  9.764745E-17
5768.93073095034  1.106956E-16
5774.45392765411  9.686748E-17
5779.97712435788  9.840197E-17
5785.50032106164  1.103238E-16
5791.02351776541  1.008248E-16
5796.54671446918  9.234745E-17
5802.06991117294  9.812511E-17
5807.59310787671  1.021777E-16
5813.11630458048  9.721967E-17
5818.63950128424  9.989885E-17
5824.16269798801  9.778942E-17
5829.68589469178  1.089383E-16
5835.20909139555  1.098481E-16
5840.73228809931  1.022699E-16
5846.25548480308  1.180777E-16
5851.77868150685  1.192274E-16
5857.30187821061  1.076349E-16
5862.82507491438  1.098356E-16
5868.34827161815  1.131126E-16
5873.87146832192  1.166319E-16
5879.39466502568  1.174457E-16
5884.91786172945  1.029707E-16
5890.44105843322  1.188230E-16
5895.96425513699  1.222979E-16
5901.48745184075  1.132973E-16
5907.01064854452  1.128519E-16
5912.53384524829  1.137400E-16
5918.05704195205  1.208287E-16
5923.58023865582  1.235866E-16
5929.10343535959  1.119053E-16
5934.62663206335  1.037823E-16
5940.14982876712  1.045915E-16
5945.67302547089  1.246596E-16
5951.19622217466  1.175477E-16
5956.71941887842  1.068453E-16
5962.24261558219  1.067344E-16
5967.76581228596  1.183055E-16
5973.28900898972  1.119465E-16
5978.81220569349  1.288215E-16
5984.33540239726  1.230824E-16
5989.85859910103  1.096030E-16
5995.38179580479  1.159855E-16
6000.90499250856  1.118028E-16
6006.42818921233  1.031405E-16
6011.95138591609  1.050355E-16
6017.47458261986  1.230715E-16
6022.99777932363  1.157092E-16
6028.5209760274  1.023785E-16
6034.04417273116  1.037053E-16
6039.56736943493  1.082557E-16
6045.0905661387  1.032127E-16
6050.61376284246  1.021475E-16
6056.13695954623  1.160856E-16
6061.66015625  1.165052E-16
6067.18335295377  9.986944E-17
6072.70654965753  1.056928E-16
6078.2297463613  1.115961E-16
6083.75294306507  1.040754E-16
6089.27613976883  1.081877E-16
6094.7993364726  1.143070E-16
6100.32253317637  1.047375E-16
6105.84572988014  1.121645E-16
6111.3689265839  1.040256E-16
6116.89212328767  9.858305E-17
6122.41531999144  9.850523E-17
6127.9385166952  1.045817E-16
6133.46171339897  1.081574E-16
6138.98491010274  9.707728E-17
6144.50810680651  1.009610E-16
6150.03130351027  9.957159E-17
6155.55450021404  1.056898E-16
6161.07769691781  1.055352E-16
6166.60089362157  9.134928E-17
6172.12409032534  9.356323E-17
6177.64728702911  9.319483E-17
6183.17048373288  8.236628E-17
6188.69368043664  8.386522E-17
6194.21687714041  9.510400E-17
6199.74007384418  1.007097E-16
6205.26327054794  1.012656E-16
6210.78646725171  9.861479E-17
6216.30966395548  1.018513E-16
6221.83286065924  9.813252E-17
6227.35605736301  9.240147E-17
6232.87925406678  1.027420E-16
6238.40245077055  9.373038E-17
6243.92564747431  9.673264E-17
6249.44884417808  9.685943E-17
6254.97204088185  9.291531E-17
6260.49523758561  9.834847E-17
6266.01843428938  9.610078E-17
6271.54163099315  9.541100E-17
6277.06482769692  8.604302E-17
6282.58802440068  9.746203E-17
6288.11122110445  9.342903E-17
6293.63441780822  8.715724E-17
6299.15761451198  8.489965E-17
6304.68081121575  9.727676E-17
6310.20400791952  9.721341E-17
6315.72720462329  9.193156E-17
6321.25040132705  9.281743E-17
6326.77359803082  8.329607E-17
6332.29679473459  9.030866E-17
6337.81999143835  8.869760E-17
6343.34318814212  8.978391E-17
6348.86638484589  8.779671E-17
6354.38958154966  9.822060E-17
6359.91277825342  8.527720E-17
6365.43597495719  8.758462E-17
6370.95917166096  8.318666E-17
6376.48236836472  8.663841E-17
6382.00556506849  8.358340E-17
6387.52876177226  9.146420E-17
6393.05195847602  8.905269E-17
6398.57515517979  8.494177E-17
6404.09835188356  9.284300E-17
6409.62154858733  8.505559E-17
6415.14474529109  8.344701E-17
6420.66794199486  7.512303E-17
6426.19113869863  7.536691E-17
6431.7143354024  8.723019E-17
6437.23753210616  8.133546E-17
6442.76072880993  7.889115E-17
6448.2839255137  8.632507E-17
6453.80712221746  8.377451E-17
6459.33031892123  8.414287E-17
6464.853515625  8.001318E-17
6470.37671232876  7.859938E-17
6475.89990903253  9.032127E-17
6481.4231057363  9.453281E-17
6486.94630244007  8.997561E-17
6492.46949914383  8.746914E-17
6497.9926958476  8.843883E-17
6503.51589255137  8.504653E-17
6509.03908925513  9.046376E-17
6514.5622859589  9.250284E-17
6520.08548266267  9.081044E-17
6525.60867936644  1.009644E-16
6531.1318760702  1.024212E-16
6536.65507277397  1.088395E-16
6542.17826947774  1.156842E-16
6547.70146618151  1.153629E-16
6553.22466288527  1.183795E-16
6558.74785958904  1.258356E-16
6564.27105629281  1.225965E-16
6569.79425299657  1.295540E-16
6575.31744970034  1.390553E-16
6580.84064640411  1.255331E-16
6586.36384310787  1.279755E-16
6591.88703981164  1.286873E-16
6597.41023651541  1.309829E-16
6602.93343321918  1.228274E-16
6608.45662992294  1.389359E-16
6613.97982662671  1.317731E-16
6619.50302333048  1.388793E-16
6625.02622003425  1.341627E-16
6630.54941673801  1.243685E-16
6636.07261344178  1.412309E-16
6641.59581014555  1.478785E-16
6647.11900684931  1.364708E-16
6652.64220355308  1.405513E-16
6658.16540025685  1.430004E-16
6663.68859696062  1.699914E-16
6669.21179366438  2.381693E-16
6674.73499036815  2.352235E-16
6680.25818707192  1.929973E-16
6685.78138377568  1.903851E-16
6691.30458047945  1.673117E-16
6696.82777718322  1.496375E-16
6702.35097388698  1.416434E-16
6707.87417059075  1.280657E-16
6713.39736729452  1.191796E-16
6718.92056399828  1.156319E-16
6724.44376070205  1.193067E-16
6729.96695740582  1.336325E-16
6735.49015410959  1.398799E-16
6741.01335081335  1.224227E-16
6746.53654751712  1.241132E-16
6752.05974422089  1.211841E-16
6757.58294092466  1.234625E-16
6763.10613762842  1.108939E-16
6768.62933433219  1.109428E-16
6774.15253103596  1.161107E-16
6779.67572773972  1.090791E-16
6785.19892444349  1.037122E-16
6790.72212114726  1.138374E-16
6796.24531785102  1.005247E-16
6801.76851455479  9.882875E-17
6807.29171125856  1.097185E-16
6812.81490796233  1.159988E-16
6818.33810466609  1.055904E-16
6823.86130136986  1.227755E-16
6829.38449807363  1.174138E-16
6834.9076947774  1.110891E-16
6840.43089148116  1.149891E-16
6845.95408818493  1.119169E-16
6851.4772848887  1.164281E-16
6857.00048159246  9.123423E-17
6862.52367829623  9.273897E-17
6868.046875  8.856649E-17
6873.57007170377  8.408859E-17
6879.09326840753  9.655436E-17
6884.6164651113  8.955742E-17
6890.13966181506  8.760937E-17
6895.66285851883  9.568802E-17
6901.1860552226  9.982340E-17
6906.70925192637  9.057118E-17
6912.23244863013  8.733625E-17
6917.7556453339  8.252368E-17
6923.27884203767  9.034345E-17
6928.80203874144  8.836183E-17
6934.3252354452  8.514789E-17
6939.84843214897  8.719716E-17
6945.37162885274  7.914041E-17
6950.89482555651  8.307986E-17
6956.41802226027  8.192325E-17
6961.94121896404  7.615713E-17
6967.46441566781  8.363643E-17
6972.98761237157  8.286247E-17
6978.51080907534  8.656646E-17
6984.03400577911  8.029867E-17
6989.55720248287  7.602192E-17
6995.08039918664  7.653774E-17
7000.60359589041  7.219748E-17
7006.12679259418  7.546783E-17
7011.64998929794  7.177047E-17
7017.17318600171  8.051499E-17
7022.69638270548  7.981126E-17
7028.21957940924  6.886834E-17
7033.74277611301  8.077864E-17
7039.26597281678  8.809512E-17
7044.78916952055  7.566737E-17
7050.31236622431  7.463446E-17
7055.83556292808  7.961781E-17
7061.35875963185  7.534368E-17
7066.88195633561  7.976881E-17
7072.40515303938  8.294868E-17
7077.92834974315  8.195304E-17
7083.45154644692  7.988855E-17
7088.97474315068  7.323987E-17
7094.49793985445  7.892423E-17
7100.02113655822  7.733124E-17
7105.54433326198  7.631191E-17
7111.06752996575  7.594421E-17
7116.59072666952  7.365195E-17
7122.11392337328  6.914341E-17
7127.63712007705  6.616413E-17
7133.16031678082  7.181587E-17
7138.68351348459  7.990716E-17
7144.20671018835  7.042886E-17
7149.72990689212  6.752526E-17
7155.25310359589  6.873306E-17
7160.77630029966  5.982397E-17
7166.29949700342  6.197769E-17
7171.82269370719  7.660833E-17
7177.34589041096  6.795538E-17
7182.86908711472  5.582486E-17
7188.39228381849  6.471518E-17
7193.91548052226  6.786179E-17
7199.43867722602  7.204975E-17
7204.96187392979  7.347309E-17
7210.48507063356  7.509623E-17
7216.00826733733  6.911226E-17
7221.53146404109  6.879220E-17
7227.05466074486  7.205373E-17
7232.57785744863  5.518755E-17
7238.10105415239  5.531844E-17
7243.62425085616  6.510334E-17
7249.14744755993  6.004611E-17
7254.6706442637  6.484025E-17
7260.19384096746  7.207517E-17
7265.71703767123  7.374971E-17
7271.240234375  7.744723E-17
7276.76343107876  7.169323E-17
7282.28662778253  6.553739E-17
7287.8098244863  7.407858E-17
7293.33302119007  7.027535E-17
7298.85621789383  8.160837E-17
7304.3794145976  6.296524E-17
7309.90261130137  5.096560E-17
7315.42580800513  5.729623E-17
7320.9490047089  7.939849E-17
7326.47220141267  6.622888E-17
7331.99539811644  6.027307E-17
7337.5185948202  6.323865E-17
7343.04179152397  6.315352E-17
7348.56498822774  7.234618E-17
7354.0881849315  7.346397E-17
7359.61138163527  7.764923E-17
7365.13457833904  6.970674E-17
7370.6577750428  7.321571E-17
7376.18097174657  8.318059E-17
7381.70416845034  6.796496E-17
7387.22736515411  7.024550E-17
7392.75056185787  8.317203E-17
7398.27375856164  7.177843E-17
7403.79695526541  6.615732E-17
7409.32015196917  6.563456E-17
7414.84334867294  6.381940E-17
7420.36654537671  6.812846E-17
7425.88974208047  7.025869E-17
7431.41293878424  8.215662E-17
7436.93613548801  7.521049E-17
7442.45933219178  6.125710E-17
7447.98252889554  5.793658E-17
7453.50572559931  6.332306E-17
7459.02892230308  5.972380E-17
7464.55211900685  6.767931E-17
7470.07531571061  6.186324E-17
7475.59851241438  8.438093E-17
7481.12170911815  6.750856E-17
7486.64490582191  6.144758E-17
7492.16810252568  6.746917E-17
7497.69129922945  6.862341E-17
7503.21449593322  6.014299E-17
7508.73769263698  6.902364E-17
7514.26088934075  7.247847E-17
7519.78408604452  6.173822E-17
7525.30728274828  6.504598E-17
7530.83047945205  7.680263E-17
7536.35367615582  6.582386E-17
7541.87687285959  6.186954E-17
7547.40006956335  7.479979E-17
7552.92326626712  7.171126E-17
7558.44646297089  5.894480E-17
7563.96965967465  5.151777E-17
7569.49285637842  5.443150E-17
7575.01605308219  6.207959E-17
7580.53924978596  5.830535E-17
7586.06244648972  4.601915E-17
7591.58564319349  5.378501E-17
7597.10883989726  5.739302E-17
7602.63203660103  7.642419E-17
7608.15523330479  5.591699E-17
7613.67843000856  5.211927E-17
7619.20162671233  5.826699E-17
7624.72482341609  6.850382E-17
7630.24802011986  5.503169E-17
7635.77121682363  5.592168E-17
7641.29441352739  4.310448E-17
7646.81761023116  5.921875E-17
7652.34080693493  7.466439E-17
7657.8640036387  6.806785E-17
7663.38720034246  6.538512E-17
7668.91039704623  6.281940E-17
7674.43359375  4.513941E-17
7679.95679045376  5.953713E-17
7685.47998715753  7.478649E-17
7691.0031838613  5.991901E-17
7696.52638056507  5.421354E-17
7702.04957726883  5.809863E-17
7707.5727739726  6.122019E-17
7713.09597067637  6.550724E-17
7718.61916738013  5.488517E-17
7724.1423640839  5.244327E-17
7729.66556078767  6.531313E-17
7735.18875749143  6.697415E-17
7740.7119541952  6.339615E-17
7746.23515089897  6.046626E-17
7751.75834760274  7.129266E-17
7757.2815443065  7.346992E-17
7762.80474101027  6.894358E-17
7768.32793771404  5.117847E-17
7773.8511344178  4.641352E-17
7779.37433112157  6.094190E-17
7784.89752782534  6.088393E-17
7790.42072452911  6.893222E-17
7795.94392123287  7.780891E-17
7801.46711793664  6.056769E-17
7806.99031464041  6.603281E-17
7812.51351134418  6.926843E-17
7818.03670804794  5.525049E-17
7823.55990475171  6.802089E-17
7829.08310145548  6.993404E-17
7834.60629815924  6.548217E-17
7840.12949486301  7.284355E-17
7845.65269156678  6.982212E-17
7851.17588827055  4.573191E-17
7856.69908497431  5.580600E-17
7862.22228167808  7.257094E-17
7867.74547838184  5.802462E-17
7873.26867508561  5.941841E-17
7878.79187178938  5.450573E-17
7884.31506849315  5.416196E-17
7889.83826519691  6.273553E-17
7895.36146190068  6.805570E-17
7900.88465860445  7.748730E-17
7906.40785530822  6.332011E-17
7911.93105201198  4.787841E-17
7917.45424871575  6.178053E-17
7922.97744541952  4.630957E-17
7928.50064212328  5.861422E-17
7934.02383882705  6.234167E-17
7939.54703553082  6.633777E-17
7945.07023223459  6.282445E-17
7950.59342893835  5.503433E-17
7956.11662564212  6.663258E-17
7961.63982234589  6.159189E-17
7967.16301904965  6.985000E-17
7972.68621575342  7.381488E-17
7978.20941245719  6.662319E-17
7983.73260916095  4.821339E-17
7989.25580586472  5.508406E-17
7994.77900256849  5.744821E-17
8000.30219927226  5.318796E-17
8005.82539597602  5.795906E-17
8011.34859267979  5.040146E-17
8016.87178938356  4.101948E-17
8022.39498608732  5.163017E-17
8027.91818279109  6.442822E-17
8033.44137949486  5.388491E-17
8038.96457619863  5.790490E-17
8044.48777290239  5.786934E-17
8050.01096960616  4.575451E-17
8055.53416630993  5.741658E-17
8061.05736301369  6.340779E-17
8066.58055971746  6.803228E-17
8072.10375642123  6.935658E-17
8077.62695312499  4.498652E-17
8083.15014982876  6.330293E-17
8088.67334653253  5.594954E-17
8094.1965432363  4.351663E-17
8099.71973994006  3.993465E-17
8105.24293664383  4.050701E-17
8110.7661333476  5.748604E-17
8116.28933005137  5.146995E-17
8121.81252675513  6.057035E-17
8127.3357234589  5.746648E-17
8132.85892016267  4.413295E-17
8138.38211686644  6.063716E-17
8143.9053135702  6.877369E-17
8149.42851027397  5.478200E-17
8154.95170697774  5.398231E-17
8160.4749036815  6.262271E-17
8165.99810038527  4.843373E-17
8171.52129708904  3.625426E-17
8177.0444937928  5.792545E-17
8182.56769049657  6.478911E-17
8188.09088720034  4.774229E-17
8193.61408390411  5.526794E-17
8199.13728060787  5.340230E-17
8204.66047731164  4.159339E-17
8210.18367401541  6.632025E-17
8215.70687071917  3.602576E-17
8221.23006742294  4.119670E-17
8226.75326412671  6.225075E-17
8232.27646083048  5.752785E-17
8237.79965753424  5.134428E-17
8243.32285423801  5.157633E-17
8248.84605094178  5.339854E-17
8254.36924764554  4.402031E-17
8259.89244434931  4.770208E-17
8265.41564105308  5.560591E-17
8270.93883775684  6.476022E-17
8276.46203446061  7.138169E-17
8281.98523116438  6.427753E-17
8287.50842786815  5.609496E-17
8293.03162457191  5.998114E-17
8298.55482127568  7.566807E-17
8304.07801797945  5.098475E-17
8309.60121468321  4.203473E-17
8315.12441138698  5.864591E-17
8320.64760809075  6.936589E-17
8326.17080479452  7.167013E-17
8331.69400149828  5.551161E-17
8337.21719820205  5.791131E-17
8342.74039490582  4.748643E-17
8348.26359160958  4.481998E-17
8353.78678831335  5.568733E-17
8359.30998501712  6.699660E-17
8364.83318172089  6.210563E-17
8370.35637842465  7.106980E-17
8375.87957512842  5.898634E-17
8381.40277183219  6.286752E-17
8386.92596853595  4.129795E-17
8392.44916523972  5.318951E-17
8397.97236194349  4.715127E-17
8403.49555864726  7.022858E-17
8409.01875535102  5.755690E-17
8414.54195205479  4.844662E-17
8420.06514875856  5.407161E-17
8425.58834546233  4.681970E-17
8431.11154216609  5.733105E-17
8436.63473886986  6.517774E-17
8442.15793557363  5.203957E-17
8447.68113227739  5.028015E-17
8453.20432898116  4.612507E-17
8458.72752568493  4.663543E-17
8464.25072238869  4.474977E-17
8469.77391909246  4.326163E-17
8475.29711579623  6.126135E-17
8480.8203125  6.193659E-17
8486.34350920376  7.168699E-17
8491.86670590753  5.553084E-17
8497.3899026113  5.864003E-17
8502.91309931506  4.929411E-17
8508.43629601883  3.342529E-17
8513.9594927226  5.242363E-17
8519.48268942637  4.451967E-17
8525.00588613013  5.472767E-17
8530.5290828339  5.520743E-17
8536.05227953767  5.108017E-17
8541.57547624143  4.519663E-17
8547.0986729452  4.433662E-17
8552.62186964897  6.081511E-17
8558.14506635274  6.451750E-17
8563.6682630565  6.072641E-17
8569.19145976027  4.643628E-17
8574.71465646404  3.721548E-17
8580.23785316781  2.686047E-17
8585.76104987157  6.115115E-17
8591.28424657534  6.952351E-17
8596.8074432791  5.108642E-17
8602.33063998287  3.685302E-17
8607.85383668664  2.917662E-17
8613.37703339041  4.167626E-17
8618.90023009417  6.217093E-17
8624.42342679794  8.160794E-17
8629.94662350171  7.738732E-17
8635.46982020548  6.519053E-17
8640.99301690924  7.613821E-17
8646.51621361301  4.488346E-17
8652.03941031678  7.107636E-17
8657.56260702054  4.574672E-17
8663.08580372431  2.870387E-17
8668.60900042808  3.810538E-17
8674.13219713185  5.107285E-17
8679.65539383561  6.883450E-17
8685.17859053938  4.980108E-17
8690.70178724315  3.571782E-17
8696.22498394691  3.804972E-17
8701.74818065068  6.360355E-17
8707.27137735445  5.731416E-17
8712.79457405821  5.887329E-17
8718.31777076198  3.415214E-17
8723.84096746575  4.115789E-17
8729.36416416952  7.483917E-17
8734.88736087328  6.623360E-17
8740.41055757705  5.590220E-17
8745.93375428082  5.347053E-17
8751.45695098458  4.769190E-17
8756.98014768835  5.506475E-17
8762.50334439212  6.370052E-17
8768.02654109589  4.391622E-17
8773.54973779965  2.341933E-17
8779.07293450342  4.729264E-17
8784.59613120719  5.567638E-17
8790.11932791095  4.399491E-17
8795.64252461472  3.820359E-17
8801.16572131849  4.503561E-17
8806.68891802226  3.322438E-17
8812.21211472602  7.290025E-17
8817.73531142979  8.468401E-17
8823.25850813356  7.192831E-17
8828.78170483732  6.113558E-17
8834.30490154109  2.402929E-17
8839.82809824486  3.342703E-17
8845.35129494862  5.204120E-17
8850.87449165239  5.504616E-17
8856.39768835616  5.814957E-17
8861.92088505993  5.529439E-17
8867.44408176369  4.216145E-17
8872.96727846746  5.412159E-17
8878.49047517123  7.561293E-17
8884.01367187499  4.834680E-17
8889.53686857876  5.282151E-17
8895.06006528253  4.601843E-17
8900.5832619863  4.102819E-17
8906.10645869006  4.271829E-17
8911.62965539383  5.501590E-17
8917.1528520976  7.265176E-17
8922.67604880136  3.518163E-17
8928.19924550513  4.663423E-17
8933.7224422089  2.699735E-17
8939.24563891267  2.758403E-17
8944.76883561643  4.166328E-17
8950.2920323202  3.767552E-17
8955.81522902397  5.402476E-17
8961.33842572774  6.829656E-17
8966.8616224315  6.209082E-17
8972.38481913527  6.629833E-17
8977.90801583904  4.208738E-17
8983.4312125428  5.413614E-17
8988.95440924657  5.218092E-17
8994.47760595034  7.139361E-17
9000.0008026541  8.083548E-17
9005.52399935787  5.604333E-17
9011.04719606164  4.888359E-17
9016.57039276541  6.022289E-17
9022.09358946917  5.786085E-17
9027.61678617294  4.836585E-17
9033.13998287671  5.028222E-17
9038.66317958047  7.560161E-17
9044.18637628424  7.594886E-17
9049.70957298801  4.371504E-17
9055.23276969177  2.137730E-17
9060.75596639554  3.981749E-17
9066.27916309931  5.514402E-17
9071.80235980308  4.969739E-17
9077.32555650684  2.454184E-17
9082.84875321061  3.726551E-17
9088.37194991438  4.019452E-17
9093.89514661815  5.636244E-17
9099.41834332191  4.113287E-17
9104.94154002568  4.845969E-17
9110.46473672945  4.880175E-17
9115.98793343321  3.868866E-17
9121.51113013698  5.693673E-17
9127.03432684075  4.106544E-17
9132.55752354451  3.243315E-17
9138.08072024828  4.047316E-17
9143.60391695205  4.479375E-17
9149.12711365582  5.227996E-17
9154.65031035958  4.575787E-17
9160.17350706335  2.942697E-17
9165.69670376712  1.858597E-17
9171.21990047088  2.518334E-17
9176.74309717465  6.085844E-17
9182.26629387842  2.183139E-17
9187.78949058219  1.545228E-17
9193.31268728596  4.083425E-17
9198.83588398972  3.756513E-17
9204.35908069349  3.928475E-17
9209.88227739726  5.180795E-17
9215.40547410102  4.955165E-17
9220.92867080479  6.047220E-17
9226.45186750856  6.387438E-17
9231.97506421232  1.612106E-17
9237.49826091609  3.450051E-17
9243.02145761986  8.096380E-17
9248.54465432363  2.994807E-17
9254.06785102739  3.959174E-17
9259.59104773116  5.717917E-17
9265.11424443493  1.987403E-17
9270.63744113869  3.799178E-17
9276.16063784246  5.591097E-17
9281.68383454623  3.346368E-17
9287.20703125  7.299823E-17
